county	n	cvd_events_str	cancer_events_str	copd_events_str	asthma_events_str	diabetes_events_str	cvd_events	cancer_events	copd_events	asthma_events	diabetes_events	cvd_prop	cancer_prop	copd_prop	asthma_prop	diabetes_prop
01	2174039	184025 (8.5)	39498 (1.8)	20263 (0.9)	75310 (3.5)	89783 (4.1)	184025	39498	20263	75310	89783	8.5	1.8	0.9	3.5	4.1
03	346325	29116 (8.4)	6300 (1.8)	3178 (0.9)	10394 (3)	16887 (4.9)	29116	6300	3178	10394	16887	8.4	1.8	0.9	3	4.9
04	277220	27620 (10)	5137 (1.9)	3595 (1.3)	8171 (2.9)	15663 (5.7)	27620	5137	3595	8171	15663	10	1.9	1.3	2.9	5.7
05	436474	42180 (9.7)	9250 (2.1)	4487 (1)	12887 (3)	22656 (5.2)	42180	9250	4487	12887	22656	9.7	2.1	1	3	5.2
06	339444	34578 (10.2)	6979 (2.1)	3770 (1.1)	10366 (3.1)	18608 (5.5)	34578	6979	3770	10366	18608	10.2	2.1	1.1	3.1	5.5
07	186374	18007 (9.7)	3966 (2.1)	2075 (1.1)	6531 (3.5)	9629 (5.2)	18007	3966	2075	6531	9629	9.7	2.1	1.1	3.5	5.2
08	231956	26275 (11.3)	5302 (2.3)	2984 (1.3)	6298 (2.7)	13815 (6)	26275	5302	2984	6298	13815	11.3	2.3	1.3	2.7	6
09	56639	6373 (11.3)	1261 (2.2)	647 (1.1)	1678 (3)	3101 (5.5)	6373	1261	647	1678	3101	11.3	2.2	1.1	3	5.5
10	152136	16507 (10.9)	3565 (2.3)	1748 (1.1)	4496 (3)	8875 (5.8)	16507	3565	1748	4496	8875	10.9	2.3	1.1	3	5.8
12	1272311	130942 (10.3)	26201 (2.1)	14421 (1.1)	39106 (3.1)	67391 (5.3)	130942	26201	14421	39106	67391	10.3	2.1	1.1	3.1	5.3
13	308576	31590 (10.2)	7665 (2.5)	2842 (0.9)	9882 (3.2)	14086 (4.6)	31590	7665	2842	9882	14086	10.2	2.5	0.9	3.2	4.6
14	1612184	147274 (9.1)	31900 (2)	14238 (0.9)	39380 (2.4)	77992 (4.8)	147274	31900	14238	39380	77992	9.1	2	0.9	2.4	4.8
17	270128	28942 (10.7)	5785 (2.1)	2630 (1)	8156 (3)	17358 (6.4)	28942	5785	2630	8156	17358	10.7	2.1	1	3	6.4
18	284574	27266 (9.6)	5174 (1.8)	2459 (0.9)	7388 (2.6)	15283 (5.4)	27266	5174	2459	7388	15283	9.6	1.8	0.9	2.6	5.4
19	258458	26967 (10.4)	5308 (2.1)	2648 (1)	7381 (2.9)	14641 (5.7)	26967	5308	2648	7381	14641	10.4	2.1	1	2.9	5.7
20	274870	30872 (11.2)	5378 (2)	2662 (1)	9132 (3.3)	16824 (6.1)	30872	5378	2662	9132	16824	11.2	2	1	3.3	6.1
21	275551	29981 (10.9)	5528 (2)	2724 (1)	8168 (3)	16587 (6)	29981	5528	2724	8168	16587	10.9	2	1	3	6
22	238772	25234 (10.6)	4612 (1.9)	2090 (0.9)	6560 (2.7)	15027 (6.3)	25234	4612	2090	6560	15027	10.6	1.9	0.9	2.7	6.3
23	124686	11573 (9.3)	2579 (2.1)	1260 (1)	3304 (2.6)	7350 (5.9)	11573	2579	1260	3304	7350	9.3	2.1	1	2.6	5.9
24	258371	25542 (9.9)	4697 (1.8)	2129 (0.8)	8676 (3.4)	13072 (5.1)	25542	4697	2129	8676	13072	9.9	1.8	0.8	3.4	5.1
25	245340	27572 (11.2)	4209 (1.7)	2812 (1.1)	9360 (3.8)	14467 (5.9)	27572	4209	2812	9360	14467	11.2	1.7	1.1	3.8	5.9
