county	ageband	n	cvd_events_str	cancer_events_str	copd_events_str	asthma_events_str	diabetes_events_str	cvd_events	cancer_events	copd_events	asthma_events	diabetes_events	cvd_prop	cancer_prop	copd_prop	asthma_prop	diabetes_prop
01	0	257368	2308 (0.9)	198 (0.1)	458 (0.2)	29979 (11.6)	403 (0.2)	2308	198	458	29979	403	0.9	0.1	0.2	11.6	0.2
01	10	238146	4362 (1.8)	210 (0.1)	343 (0.1)	21814 (9.2)	1479 (0.6)	4362	210	343	21814	1479	1.8	0.1	0.1	9.2	0.6
01	20	301758	9537 (3.2)	581 (0.2)	195 (0.1)	11992 (4)	2890 (1)	9537	581	195	11992	2890	3.2	0.2	0.1	4	1
01	30	324475	16170 (5)	1647 (0.5)	223 (0.1)	8473 (2.6)	5027 (1.5)	16170	1647	223	8473	5027	5	0.5	0.1	2.6	1.5
01	40	319742	25003 (7.8)	3821 (1.2)	637 (0.2)	9214 (2.9)	8746 (2.7)	25003	3821	637	9214	8746	7.8	1.2	0.2	2.9	2.7
01	50	271601	34707 (12.8)	8060 (3)	2405 (0.9)	8686 (3.2)	15988 (5.9)	34707	8060	2405	8686	15988	12.8	3	0.9	3.2	5.9
01	60	218741	49422 (22.6)	16440 (7.5)	5804 (2.7)	7682 (3.5)	23848 (10.9)	49422	16440	5804	7682	23848	22.6	7.5	2.7	3.5	10.9
01	70	156684	57185 (36.5)	19257 (12.3)	8226 (5.3)	6405 (4.1)	23761 (15.2)	57185	19257	8226	6405	23761	36.5	12.3	5.3	4.1	15.2
01	80	85524	47884 (56)	11463 (13.4)	6220 (7.3)	4093 (4.8)	13315 (15.6)	47884	11463	6220	4093	13315	56	13.4	7.3	4.8	15.6
03	0	37619	334 (0.9)	20 (0.1)	19 (0.1)	3469 (9.2)	78 (0.2)	334	20	19	3469	78	0.9	0.1	0.1	9.2	0.2
03	10	37617	590 (1.6)	30 (0.1)	8 (0)	2180 (5.8)	342 (0.9)	590	30	8	2180	342	1.6	0.1	0	5.8	0.9
03	20	55691	1538 (2.8)	136 (0.2)	19 (0)	1816 (3.3)	638 (1.1)	1538	136	19	1816	638	2.8	0.2	0	3.3	1.1
03	30	42875	1863 (4.3)	232 (0.5)	28 (0.1)	1159 (2.7)	867 (2)	1863	232	28	1159	867	4.3	0.5	0.1	2.7	2
03	40	45498	3142 (6.9)	586 (1.3)	82 (0.2)	1308 (2.9)	1471 (3.2)	3142	586	82	1308	1471	6.9	1.3	0.2	2.9	3.2
03	50	42280	4744 (11.2)	1180 (2.8)	324 (0.8)	1315 (3.1)	2686 (6.4)	4744	1180	324	1315	2686	11.2	2.8	0.8	3.1	6.4
03	60	40451	8348 (20.6)	2623 (6.5)	997 (2.5)	1351 (3.3)	4479 (11.1)	8348	2623	997	1351	4479	20.6	6.5	2.5	3.3	11.1
03	70	28724	9918 (34.5)	3125 (10.9)	1434 (5)	1134 (3.9)	4534 (15.8)	9918	3125	1434	1134	4534	34.5	10.9	5	3.9	15.8
03	80	15570	8376 (53.8)	1809 (11.6)	871 (5.6)	855 (5.5)	2638 (16.9)	8376	1809	871	855	2638	53.8	11.6	5.6	5.5	16.9
04	0	29626	308 (1)	17 (0.1)	27 (0.1)	2843 (9.6)	50 (0.2)	308	17	27	2843	50	1	0.1	0.1	9.6	0.2
04	10	31647	512 (1.6)	23 (0.1)	20 (0.1)	2403 (7.6)	219 (0.7)	512	23	20	2403	219	1.6	0.1	0.1	7.6	0.7
04	20	33237	1009 (3)	37 (0.1)	16 (0)	1232 (3.7)	438 (1.3)	1009	37	16	1232	438	3	0.1	0	3.7	1.3
04	30	30297	1456 (4.8)	143 (0.5)	31 (0.1)	699 (2.3)	636 (2.1)	1456	143	31	699	636	4.8	0.5	0.1	2.3	2.1
04	40	36357	2785 (7.7)	409 (1.1)	111 (0.3)	780 (2.1)	1341 (3.7)	2785	409	111	780	1341	7.7	1.1	0.3	2.1	3.7
04	50	35708	4379 (12.3)	847 (2.4)	400 (1.1)	991 (2.8)	2479 (6.9)	4379	847	400	991	2479	12.3	2.4	1.1	2.8	6.9
04	60	36434	7898 (21.7)	2153 (5.9)	1051 (2.9)	1072 (2.9)	4163 (11.4)	7898	2153	1051	1072	4163	21.7	5.9	2.9	2.9	11.4
04	70	28349	9727 (34.3)	2946 (10.4)	1524 (5.4)	1048 (3.7)	4399 (15.5)	9727	2946	1524	1048	4399	34.3	10.4	5.4	3.7	15.5
04	80	15565	8191 (52.6)	1747 (11.2)	1001 (6.4)	721 (4.6)	2505 (16.1)	8191	1747	1001	721	2505	52.6	11.2	6.4	4.6	16.1
05	0	46254	308 (0.7)	34 (0.1)	16 (0)	4484 (9.7)	89 (0.2)	308	34	16	4484	89	0.7	0.1	0	9.7	0.2
05	10	47686	647 (1.4)	54 (0.1)	22 (0)	3689 (7.7)	309 (0.6)	647	54	22	3689	309	1.4	0.1	0	7.7	0.6
05	20	63729	1949 (3.1)	154 (0.2)	33 (0.1)	2546 (4)	783 (1.2)	1949	154	33	2546	783	3.1	0.2	0.1	4	1.2
05	30	51592	2381 (4.6)	302 (0.6)	25 (0)	1149 (2.2)	1204 (2.3)	2381	302	25	1149	1204	4.6	0.6	0	2.2	2.3
05	40	57228	4371 (7.6)	771 (1.3)	99 (0.2)	1331 (2.3)	1949 (3.4)	4371	771	99	1331	1949	7.6	1.3	0.2	2.3	3.4
05	50	54206	6804 (12.6)	1545 (2.9)	478 (0.9)	1372 (2.5)	3379 (6.2)	6804	1545	478	1372	3379	12.6	2.9	0.9	2.5	6.2
05	60	52294	11848 (22.7)	3479 (6.7)	1383 (2.6)	1510 (2.9)	5654 (10.8)	11848	3479	1383	1510	5654	22.7	6.7	2.6	2.9	10.8
05	70	39493	14540 (36.8)	4750 (12)	1932 (4.9)	1493 (3.8)	6303 (16)	14540	4750	1932	1493	6303	36.8	12	4.9	3.8	16
05	80	23992	12910 (53.8)	3139 (13.1)	1311 (5.5)	1078 (4.5)	4054 (16.9)	12910	3139	1311	1078	4054	53.8	13.1	5.5	4.5	16.9
06	0	37064	243 (0.7)	31 (0.1)	49 (0.1)	3901 (10.5)	67 (0.2)	243	31	49	3901	67	0.7	0.1	0.1	10.5	0.2
06	10	39202	482 (1.2)	31 (0.1)	12 (0)	1824 (4.7)	272 (0.7)	482	31	12	1824	272	1.2	0.1	0	4.7	0.7
06	20	44551	1201 (2.7)	103 (0.2)	23 (0.1)	1301 (2.9)	537 (1.2)	1201	103	23	1301	537	2.7	0.2	0.1	2.9	1.2
06	30	38982	1891 (4.9)	234 (0.6)	27 (0.1)	775 (2)	980 (2.5)	1891	234	27	775	980	4.9	0.6	0.1	2	2.5
06	40	44969	3725 (8.3)	572 (1.3)	91 (0.2)	1049 (2.3)	1607 (3.6)	3725	572	91	1049	1607	8.3	1.3	0.2	2.3	3.6
06	50	42817	5519 (12.9)	1222 (2.9)	388 (0.9)	1134 (2.6)	2732 (6.4)	5519	1222	388	1134	2732	12.9	2.9	0.9	2.6	6.4
06	60	41009	9415 (23)	2732 (6.7)	1104 (2.7)	1286 (3.1)	4526 (11)	9415	2732	1104	1286	4526	23	6.7	2.7	3.1	11
06	70	30933	11630 (37.6)	3646 (11.8)	1539 (5)	1233 (4)	5103 (16.5)	11630	3646	1539	1233	5103	37.6	11.8	5	4	16.5
06	80	19917	11187 (56.2)	2510 (12.6)	1136 (5.7)	1043 (5.2)	3617 (18.2)	11187	2510	1136	1043	3617	56.2	12.6	5.7	5.2	18.2
07	0	20056	149 (0.7)	12 (0.1)	13 (0.1)	2684 (13.4)	33 (0.2)	149	12	13	2684	33	0.7	0.1	0.1	13.4	0.2
07	10	20851	377 (1.8)	18 (0.1)	11 (0.1)	2753 (13.2)	157 (0.8)	377	18	11	2753	157	1.8	0.1	0.1	13.2	0.8
07	20	25096	750 (3)	41 (0.2)	6 (0)	1326 (5.3)	337 (1.3)	750	41	6	1326	337	3	0.2	0	5.3	1.3
07	30	21767	956 (4.4)	105 (0.5)	10 (0)	420 (1.9)	554 (2.5)	956	105	10	420	554	4.4	0.5	0	1.9	2.5
07	40	24043	1803 (7.5)	271 (1.1)	61 (0.3)	414 (1.7)	760 (3.2)	1803	271	61	414	760	7.5	1.1	0.3	1.7	3.2
07	50	22751	2819 (12.4)	653 (2.9)	170 (0.7)	436 (1.9)	1334 (5.9)	2819	653	170	436	1334	12.4	2.9	0.7	1.9	5.9
07	60	23156	5089 (22)	1637 (7.1)	591 (2.6)	416 (1.8)	2391 (10.3)	5089	1637	591	416	2391	22	7.1	2.6	1.8	10.3
07	70	17275	6179 (35.8)	2136 (12.4)	880 (5.1)	417 (2.4)	2660 (15.4)	6179	2136	880	417	2660	35.8	12.4	5.1	2.4	15.4
07	80	11379	6036 (53)	1527 (13.4)	691 (6.1)	307 (2.7)	1868 (16.4)	6036	1527	691	307	1868	53	13.4	6.1	2.7	16.4
08	0	22045	225 (1)	20 (0.1)	12 (0.1)	2279 (10.3)	44 (0.2)	225	20	12	2279	44	1	0.1	0.1	10.3	0.2
08	10	24031	438 (1.8)	9 (0)	4 (0)	1798 (7.5)	157 (0.7)	438	9	4	1798	157	1.8	0	0	7.5	0.7
08	20	28573	843 (3)	47 (0.2)	17 (0.1)	951 (3.3)	326 (1.1)	843	47	17	951	326	3	0.2	0.1	3.3	1.1
08	30	23800	1159 (4.9)	133 (0.6)	13 (0.1)	446 (1.9)	501 (2.1)	1159	133	13	446	501	4.9	0.6	0.1	1.9	2.1
08	40	29294	2351 (8)	378 (1.3)	77 (0.3)	588 (2)	873 (3)	2351	378	77	588	873	8	1.3	0.3	2	3
08	50	30664	4081 (13.3)	872 (2.8)	298 (1)	678 (2.2)	1902 (6.2)	4081	872	298	678	1902	13.3	2.8	1	2.2	6.2
08	60	32677	7673 (23.5)	2291 (7)	871 (2.7)	744 (2.3)	3637 (11.1)	7673	2291	871	744	3637	23.5	7	2.7	2.3	11.1
08	70	25606	9774 (38.2)	2894 (11.3)	1294 (5.1)	715 (2.8)	4323 (16.9)	9774	2894	1294	715	4323	38.2	11.3	5.1	2.8	16.9
08	80	15266	8419 (55.1)	1882 (12.3)	891 (5.8)	476 (3.1)	2642 (17.3)	8419	1882	891	476	2642	55.1	12.3	5.8	3.1	17.3
09	0	5251	35 (0.7)	6 (0.1)	5 (0.1)	744 (14.2)	12 (0.2)	35	6	5	744	12	0.7	0.1	0.1	14.2	0.2
09	10	5721	86 (1.5)	4 (0.1)	3 (0.1)	575 (10.1)	46 (0.8)	86	4	3	575	46	1.5	0.1	0.1	10.1	0.8
09	20	6871	234 (3.4)	14 (0.2)	1 (0)	311 (4.5)	110 (1.6)	234	14	1	311	110	3.4	0.2	0	4.5	1.6
09	30	5476	285 (5.2)	31 (0.6)	6 (0.1)	112 (2)	152 (2.8)	285	31	6	112	152	5.2	0.6	0.1	2	2.8
09	40	7250	598 (8.2)	106 (1.5)	19 (0.3)	138 (1.9)	225 (3.1)	598	106	19	138	225	8.2	1.5	0.3	1.9	3.1
09	50	7961	1049 (13.2)	184 (2.3)	63 (0.8)	148 (1.9)	394 (4.9)	1049	184	63	148	394	13.2	2.3	0.8	1.9	4.9
09	60	8366	1962 (23.5)	504 (6)	209 (2.5)	192 (2.3)	857 (10.2)	1962	504	209	192	857	23.5	6	2.5	2.3	10.2
09	70	6288	2338 (37.2)	693 (11)	302 (4.8)	150 (2.4)	933 (14.8)	2338	693	302	150	933	37.2	11	4.8	2.4	14.8
09	80	3455	1858 (53.8)	430 (12.4)	176 (5.1)	105 (3)	517 (15)	1858	430	176	105	517	53.8	12.4	5.1	3	15
10	0	15176	108 (0.7)	16 (0.1)	7 (0)	1550 (10.2)	60 (0.4)	108	16	7	1550	60	0.7	0.1	0	10.2	0.4
10	10	16381	233 (1.4)	19 (0.1)	5 (0)	1415 (8.6)	161 (1)	233	19	5	1415	161	1.4	0.1	0	8.6	1
10	20	18602	588 (3.2)	36 (0.2)	19 (0.1)	765 (4.1)	300 (1.6)	588	36	19	765	300	3.2	0.2	0.1	4.1	1.6
10	30	16639	910 (5.5)	92 (0.6)	22 (0.1)	368 (2.2)	482 (2.9)	910	92	22	368	482	5.5	0.6	0.1	2.2	2.9
10	40	19941	1707 (8.6)	265 (1.3)	71 (0.4)	463 (2.3)	729 (3.7)	1707	265	71	463	729	8.6	1.3	0.4	2.3	3.7
10	50	19340	2647 (13.7)	548 (2.8)	198 (1)	477 (2.5)	1190 (6.2)	2647	548	198	477	1190	13.7	2.8	1	2.5	6.2
10	60	19965	4743 (23.8)	1393 (7)	536 (2.7)	538 (2.7)	2191 (11)	4743	1393	536	538	2191	23.8	7	2.7	2.7	11
10	70	16453	6084 (37)	1952 (11.9)	738 (4.5)	521 (3.2)	2540 (15.4)	6084	1952	738	521	2540	37	11.9	4.5	3.2	15.4
10	80	9639	5232 (54.3)	1274 (13.2)	509 (5.3)	362 (3.8)	1576 (16.4)	5232	1274	509	362	1576	54.3	13.2	5.3	3.8	16.4
12	0	141556	1292 (0.9)	116 (0.1)	130 (0.1)	14875 (10.5)	250 (0.2)	1292	116	130	14875	250	0.9	0.1	0.1	10.5	0.2
12	10	136630	2495 (1.8)	120 (0.1)	57 (0)	12657 (9.3)	972 (0.7)	2495	120	57	12657	972	1.8	0.1	0	9.3	0.7
12	20	174415	5700 (3.3)	322 (0.2)	102 (0.1)	7405 (4.2)	2229 (1.3)	5700	322	102	7405	2229	3.3	0.2	0.1	4.2	1.3
12	30	164660	8466 (5.1)	910 (0.6)	146 (0.1)	4061 (2.5)	4309 (2.6)	8466	910	146	4061	4309	5.1	0.6	0.1	2.5	2.6
12	40	171851	14214 (8.3)	2202 (1.3)	487 (0.3)	4469 (2.6)	6115 (3.6)	14214	2202	487	4469	6115	8.3	1.3	0.3	2.6	3.6
12	50	157164	21693 (13.8)	4705 (3)	1731 (1.1)	4093 (2.6)	10457 (6.7)	21693	4705	1731	4093	10457	13.8	3	1.1	2.6	6.7
12	60	147565	36155 (24.5)	10407 (7.1)	4417 (3)	4218 (2.9)	17714 (12)	36155	10407	4417	4218	17714	24.5	7.1	3	2.9	12
12	70	112083	43676 (39)	13628 (12.2)	6433 (5.7)	3949 (3.5)	18775 (16.8)	43676	13628	6433	3949	18775	39	12.2	5.7	3.5	16.8
12	80	66387	37517 (56.5)	8795 (13.2)	4289 (6.5)	2570 (3.9)	10683 (16.1)	37517	8795	4289	2570	10683	56.5	13.2	6.5	3.9	16.1
13	0	33766	300 (0.9)	25 (0.1)	22 (0.1)	3193 (9.5)	54 (0.2)	300	25	22	3193	54	0.9	0.1	0.1	9.5	0.2
13	10	35312	691 (2)	27 (0.1)	13 (0)	3401 (9.6)	284 (0.8)	691	27	13	3401	284	2	0.1	0	9.6	0.8
13	20	37421	1239 (3.3)	64 (0.2)	8 (0)	1850 (4.9)	458 (1.2)	1239	64	8	1850	458	3.3	0.2	0	4.9	1.2
13	30	34016	1735 (5.1)	225 (0.7)	22 (0.1)	900 (2.6)	662 (1.9)	1735	225	22	900	662	5.1	0.7	0.1	2.6	1.9
13	40	42196	3241 (7.7)	580 (1.4)	70 (0.2)	1121 (2.7)	1127 (2.7)	3241	580	70	1121	1127	7.7	1.4	0.2	2.7	2.7
13	50	40052	5147 (12.9)	1298 (3.2)	276 (0.7)	1079 (2.7)	1961 (4.9)	5147	1298	276	1079	1961	12.9	3.2	0.7	2.7	4.9
13	60	38614	8974 (23.2)	2930 (7.6)	852 (2.2)	1108 (2.9)	3539 (9.2)	8974	2930	852	1108	3539	23.2	7.6	2.2	2.9	9.2
13	70	29724	11402 (38.4)	3913 (13.2)	1350 (4.5)	1149 (3.9)	4158 (14)	11402	3913	1350	1149	4158	38.4	13.2	4.5	3.9	14
13	80	17475	9820 (56.2)	2690 (15.4)	958 (5.5)	871 (5)	2532 (14.5)	9820	2690	958	871	2532	56.2	15.4	5.5	5	14.5
14	0	174363	1630 (0.9)	187 (0.1)	114 (0.1)	16001 (9.2)	334 (0.2)	1630	187	114	16001	334	0.9	0.1	0.1	9.2	0.2
14	10	173804	3271 (1.9)	152 (0.1)	51 (0)	11038 (6.4)	1299 (0.7)	3271	152	51	11038	1299	1.9	0.1	0	6.4	0.7
14	20	227114	6526 (2.9)	434 (0.2)	112 (0)	6827 (3)	2379 (1)	6526	434	112	6827	2379	2.9	0.2	0	3	1
14	30	205385	9127 (4.4)	1199 (0.6)	154 (0.1)	3939 (1.9)	3552 (1.7)	9127	1199	154	3939	3552	4.4	0.6	0.1	1.9	1.7
14	40	216672	16236 (7.5)	2895 (1.3)	449 (0.2)	4194 (1.9)	6701 (3.1)	16236	2895	449	4194	6701	7.5	1.3	0.2	1.9	3.1
14	50	204787	25296 (12.4)	5856 (2.9)	1672 (0.8)	4317 (2.1)	12193 (6)	25296	5856	1672	4317	12193	12.4	2.9	0.8	2.1	6
14	60	188492	41278 (21.9)	12611 (6.7)	4200 (2.2)	4613 (2.4)	20575 (10.9)	41278	12611	4200	4613	20575	21.9	6.7	2.2	2.4	10.9
14	70	137907	49939 (36.2)	15968 (11.6)	6327 (4.6)	4403 (3.2)	21532 (15.6)	49939	15968	6327	4403	21532	36.2	11.6	4.6	3.2	15.6
14	80	83660	45020 (53.8)	11177 (13.4)	4421 (5.3)	3368 (4)	13016 (15.6)	45020	11177	4421	3368	13016	53.8	13.4	5.3	4	15.6
17	0	25711	181 (0.7)	23 (0.1)	12 (0)	2557 (9.9)	55 (0.2)	181	23	12	2557	55	0.7	0.1	0	9.9	0.2
17	10	28202	373 (1.3)	29 (0.1)	2 (0)	2358 (8.4)	188 (0.7)	373	29	2	2358	188	1.3	0.1	0	8.4	0.7
17	20	34737	868 (2.5)	58 (0.2)	14 (0)	1156 (3.3)	428 (1.2)	868	58	14	1156	428	2.5	0.2	0	3.3	1.2
17	30	28276	1170 (4.1)	160 (0.6)	16 (0.1)	604 (2.1)	668 (2.4)	1170	160	16	604	668	4.1	0.6	0.1	2.1	2.4
17	40	34905	2394 (6.9)	428 (1.2)	39 (0.1)	700 (2)	1286 (3.7)	2394	428	39	700	1286	6.9	1.2	0.1	2	3.7
17	50	36072	4312 (12)	958 (2.7)	252 (0.7)	832 (2.3)	2352 (6.5)	4312	958	252	832	2352	12	2.7	0.7	2.3	6.5
17	60	36579	7992 (21.8)	2256 (6.2)	774 (2.1)	861 (2.4)	4654 (12.7)	7992	2256	774	861	4654	21.8	6.2	2.1	2.4	12.7
17	70	28020	10192 (36.4)	2992 (10.7)	1128 (4)	831 (3)	5155 (18.4)	10192	2992	1128	831	5155	36.4	10.7	4	3	18.4
17	80	17626	9431 (53.5)	2061 (11.7)	791 (4.5)	585 (3.3)	3239 (18.4)	9431	2061	791	585	3239	53.5	11.7	4.5	3.3	18.4
18	0	30190	216 (0.7)	23 (0.1)	8 (0)	2497 (8.3)	49 (0.2)	216	23	8	2497	49	0.7	0.1	0	8.3	0.2
18	10	31488	411 (1.3)	20 (0.1)	10 (0)	2281 (7.2)	228 (0.7)	411	20	10	2281	228	1.3	0.1	0	7.2	0.7
18	20	38926	1108 (2.8)	70 (0.2)	14 (0)	1461 (3.8)	427 (1.1)	1108	70	14	1461	427	2.8	0.2	0	3.8	1.1
18	30	32700	1409 (4.3)	174 (0.5)	15 (0)	589 (1.8)	684 (2.1)	1409	174	15	589	684	4.3	0.5	0	1.8	2.1
18	40	37379	2727 (7.3)	441 (1.2)	77 (0.2)	752 (2)	1232 (3.3)	2727	441	77	752	1232	7.3	1.2	0.2	2	3.3
18	50	35295	4256 (12.1)	877 (2.5)	258 (0.7)	788 (2.2)	2318 (6.6)	4256	877	258	788	2318	12.1	2.5	0.7	2.2	6.6
18	60	35638	7927 (22.2)	2089 (5.9)	851 (2.4)	906 (2.5)	3994 (11.2)	7927	2089	851	906	3994	22.2	5.9	2.4	2.5	11.2
18	70	27424	9677 (35.3)	2826 (10.3)	1063 (3.9)	849 (3.1)	4403 (16.1)	9677	2826	1063	849	4403	35.3	10.3	3.9	3.1	16.1
18	80	15534	8125 (52.3)	1815 (11.7)	721 (4.6)	591 (3.8)	2445 (15.7)	8125	1815	721	591	2445	52.3	11.7	4.6	3.8	15.7
19	0	26914	283 (1.1)	30 (0.1)	20 (0.1)	2435 (9)	59 (0.2)	283	30	20	2435	59	1.1	0.1	0.1	9	0.2
19	10	28327	413 (1.5)	16 (0.1)	9 (0)	2333 (8.2)	244 (0.9)	413	16	9	2333	244	1.5	0.1	0	8.2	0.9
19	20	33453	1046 (3.1)	60 (0.2)	12 (0)	1291 (3.9)	409 (1.2)	1046	60	12	1291	409	3.1	0.2	0	3.9	1.2
19	30	29465	1533 (5.2)	175 (0.6)	23 (0.1)	629 (2.1)	619 (2.1)	1533	175	23	629	619	5.2	0.6	0.1	2.1	2.1
19	40	34302	2730 (8)	393 (1.1)	89 (0.3)	790 (2.3)	1226 (3.6)	2730	393	89	790	1226	8	1.1	0.3	2.3	3.6
19	50	33375	4415 (13.2)	880 (2.6)	287 (0.9)	790 (2.4)	2266 (6.8)	4415	880	287	790	2266	13.2	2.6	0.9	2.4	6.8
19	60	32287	7694 (23.8)	2080 (6.4)	831 (2.6)	889 (2.8)	3809 (11.8)	7694	2080	831	889	3809	23.8	6.4	2.6	2.8	11.8
19	70	25477	9734 (38.2)	2881 (11.3)	1191 (4.7)	892 (3.5)	4127 (16.2)	9734	2881	1191	892	4127	38.2	11.3	4.7	3.5	16.2
19	80	14858	8142 (54.8)	1856 (12.5)	737 (5)	689 (4.6)	2354 (15.8)	8142	1856	737	689	2354	54.8	12.5	5	4.6	15.8
20	0	27171	209 (0.8)	16 (0.1)	19 (0.1)	3010 (11.1)	51 (0.2)	209	16	19	3010	51	0.8	0.1	0.1	11.1	0.2
20	10	29705	399 (1.3)	24 (0.1)	10 (0)	3905 (13.1)	193 (0.6)	399	24	10	3905	193	1.3	0.1	0	13.1	0.6
20	20	32842	1059 (3.2)	52 (0.2)	15 (0)	2024 (6.2)	443 (1.3)	1059	52	15	2024	443	3.2	0.2	0	6.2	1.3
20	30	28896	1457 (5)	144 (0.5)	15 (0.1)	670 (2.3)	736 (2.5)	1457	144	15	670	736	5	0.5	0.1	2.3	2.5
20	40	34436	2806 (8.1)	411 (1.2)	80 (0.2)	801 (2.3)	1258 (3.7)	2806	411	80	801	1258	8.1	1.2	0.2	2.3	3.7
20	50	36400	4995 (13.7)	894 (2.5)	222 (0.6)	877 (2.4)	2290 (6.3)	4995	894	222	877	2290	13.7	2.5	0.6	2.4	6.3
20	60	38984	9377 (24.1)	2222 (5.7)	808 (2.1)	992 (2.5)	4478 (11.5)	9377	2222	808	992	4478	24.1	5.7	2.1	2.5	11.5
20	70	29040	11204 (38.6)	2879 (9.9)	1249 (4.3)	956 (3.3)	4929 (17)	11204	2879	1249	956	4929	38.6	9.9	4.3	3.3	17
20	80	17396	9716 (55.9)	1946 (11.2)	820 (4.7)	703 (4)	3056 (17.6)	9716	1946	820	703	3056	55.9	11.2	4.7	4	17.6
21	0	26806	175 (0.7)	19 (0.1)	11 (0)	2918 (10.9)	58 (0.2)	175	19	11	2918	58	0.7	0.1	0	10.9	0.2
21	10	29791	395 (1.3)	19 (0.1)	11 (0)	2607 (8.8)	235 (0.8)	395	19	11	2607	235	1.3	0.1	0	8.8	0.8
21	20	34042	1027 (3)	55 (0.2)	9 (0)	1226 (3.6)	459 (1.3)	1027	55	9	1226	459	3	0.2	0	3.6	1.3
21	30	28416	1357 (4.8)	143 (0.5)	11 (0)	561 (2)	588 (2.1)	1357	143	11	561	588	4.8	0.5	0	2	2.1
21	40	36062	2702 (7.5)	396 (1.1)	59 (0.2)	666 (1.8)	1284 (3.6)	2702	396	59	666	1284	7.5	1.1	0.2	1.8	3.6
21	50	36573	4826 (13.2)	882 (2.4)	248 (0.7)	785 (2.1)	2428 (6.6)	4826	882	248	785	2428	13.2	2.4	0.7	2.1	6.6
21	60	38056	8881 (23.3)	2127 (5.6)	758 (2)	997 (2.6)	4532 (11.9)	8881	2127	758	997	4532	23.3	5.6	2	2.6	11.9
21	70	29101	11010 (37.8)	2975 (10.2)	1190 (4.1)	1070 (3.7)	4813 (16.5)	11010	2975	1190	1070	4813	37.8	10.2	4.1	3.7	16.5
21	80	16704	9123 (54.6)	1883 (11.3)	844 (5.1)	741 (4.4)	2837 (17)	9123	1883	844	741	2837	54.6	11.3	5.1	4.4	17
22	0	23341	183 (0.8)	11 (0)	21 (0.1)	2299 (9.8)	57 (0.2)	183	11	21	2299	57	0.8	0	0.1	9.8	0.2
22	10	25872	367 (1.4)	23 (0.1)	6 (0)	2437 (9.4)	206 (0.8)	367	23	6	2437	206	1.4	0.1	0	9.4	0.8
22	20	28126	821 (2.9)	38 (0.1)	16 (0.1)	1148 (4.1)	409 (1.5)	821	38	16	1148	409	2.9	0.1	0.1	4.1	1.5
22	30	25584	1108 (4.3)	137 (0.5)	8 (0)	512 (2)	663 (2.6)	1108	137	8	512	663	4.3	0.5	0	2	2.6
22	40	31346	2134 (6.8)	353 (1.1)	44 (0.1)	603 (1.9)	1215 (3.9)	2134	353	44	603	1215	6.8	1.1	0.1	1.9	3.9
22	50	31343	3891 (12.4)	729 (2.3)	221 (0.7)	677 (2.2)	2128 (6.8)	3891	729	221	677	2128	12.4	2.3	0.7	2.2	6.8
22	60	32820	7513 (22.9)	1909 (5.8)	636 (1.9)	755 (2.3)	4118 (12.5)	7513	1909	636	755	4118	22.9	5.8	1.9	2.3	12.5
22	70	25536	9350 (36.6)	2552 (10)	930 (3.6)	788 (3.1)	4316 (16.9)	9350	2552	930	788	4316	36.6	10	3.6	3.1	16.9
22	80	14804	7858 (53.1)	1564 (10.6)	611 (4.1)	537 (3.6)	2543 (17.2)	7858	1564	611	537	2543	53.1	10.6	4.1	3.6	17.2
23	0	12444	90 (0.7)	10 (0.1)	10 (0.1)	859 (6.9)	23 (0.2)	90	10	10	859	23	0.7	0.1	0.1	6.9	0.2
23	10	13035	206 (1.6)	6 (0)	3 (0)	935 (7.2)	111 (0.9)	206	6	3	935	111	1.6	0	0	7.2	0.9
23	20	15756	419 (2.7)	21 (0.1)	8 (0.1)	651 (4.1)	159 (1)	419	21	8	651	159	2.7	0.1	0.1	4.1	1
23	30	13427	528 (3.9)	76 (0.6)	6 (0)	327 (2.4)	250 (1.9)	528	76	6	327	250	3.9	0.6	0	2.4	1.9
23	40	15887	1005 (6.3)	163 (1)	32 (0.2)	356 (2.2)	433 (2.7)	1005	163	32	356	433	6.3	1	0.2	2.2	2.7
23	50	16409	1779 (10.8)	454 (2.8)	113 (0.7)	398 (2.4)	992 (6)	1779	454	113	398	992	10.8	2.8	0.7	2.4	6
23	60	17355	3444 (19.8)	1092 (6.3)	386 (2.2)	457 (2.6)	2047 (11.8)	3444	1092	386	457	2047	19.8	6.3	2.2	2.6	11.8
23	70	12653	4157 (32.9)	1382 (10.9)	560 (4.4)	440 (3.5)	2157 (17)	4157	1382	560	440	2157	32.9	10.9	4.4	3.5	17
23	80	7720	3731 (48.3)	854 (11.1)	403 (5.2)	324 (4.2)	1376 (17.8)	3731	854	403	324	1376	48.3	11.1	5.2	4.2	17.8
24	0	26267	290 (1.1)	18 (0.1)	25 (0.1)	2934 (11.2)	46 (0.2)	290	18	25	2934	46	1.1	0.1	0.1	11.2	0.2
24	10	27265	471 (1.7)	26 (0.1)	10 (0)	2698 (9.9)	227 (0.8)	471	26	10	2698	227	1.7	0.1	0	9.9	0.8
24	20	39437	1102 (2.8)	71 (0.2)	21 (0.1)	1931 (4.9)	431 (1.1)	1102	71	21	1931	431	2.8	0.2	0.1	4.9	1.1
24	30	30837	1287 (4.2)	150 (0.5)	21 (0.1)	810 (2.6)	593 (1.9)	1287	150	21	810	593	4.2	0.5	0.1	2.6	1.9
24	40	32146	2230 (6.9)	365 (1.1)	64 (0.2)	941 (2.9)	963 (3)	2230	365	64	941	963	6.9	1.1	0.2	2.9	3
24	50	31955	3922 (12.3)	890 (2.8)	199 (0.6)	1089 (3.4)	1918 (6)	3922	890	199	1089	1918	12.3	2.8	0.6	3.4	6
24	60	32344	7500 (23.2)	1936 (6)	634 (2)	1161 (3.6)	3446 (10.7)	7500	1936	634	1161	3446	23.2	6	2	3.6	10.7
24	70	23829	9166 (38.5)	2508 (10.5)	1029 (4.3)	1233 (5.2)	3615 (15.2)	9166	2508	1029	1233	3615	38.5	10.5	4.3	5.2	15.2
24	80	14291	8164 (57.1)	1630 (11.4)	687 (4.8)	896 (6.3)	2324 (16.3)	8164	1630	687	896	2324	57.1	11.4	4.8	6.3	16.3
25	0	22481	123 (0.5)	9 (0)	12 (0.1)	2471 (11)	47 (0.2)	123	9	12	2471	47	0.5	0	0.1	11	0.2
25	10	25524	335 (1.3)	23 (0.1)	6 (0)	2676 (10.5)	176 (0.7)	335	23	6	2676	176	1.3	0.1	0	10.5	0.7
25	20	32506	877 (2.7)	41 (0.1)	26 (0.1)	1800 (5.5)	373 (1.1)	877	41	26	1800	373	2.7	0.1	0.1	5.5	1.1
25	30	25488	1130 (4.4)	130 (0.5)	21 (0.1)	637 (2.5)	544 (2.1)	1130	130	21	637	544	4.4	0.5	0.1	2.5	2.1
25	40	31251	2366 (7.6)	292 (0.9)	74 (0.2)	959 (3.1)	1065 (3.4)	2366	292	74	959	1065	7.6	0.9	0.2	3.1	3.4
25	50	33550	4624 (13.8)	739 (2.2)	299 (0.9)	1244 (3.7)	2180 (6.5)	4624	739	299	1244	2180	13.8	2.2	0.9	3.7	6.5
25	60	34194	8482 (24.8)	1788 (5.2)	932 (2.7)	1481 (4.3)	3968 (11.6)	8482	1788	932	1481	3968	24.8	5.2	2.7	4.3	11.6
25	70	25619	10471 (40.9)	2298 (9)	1337 (5.2)	1329 (5.2)	4454 (17.4)	10471	2298	1337	1329	4454	40.9	9	5.2	5.2	17.4
25	80	14727	8499 (57.7)	1364 (9.3)	850 (5.8)	953 (6.5)	2757 (18.7)	8499	1364	850	953	2757	57.7	9.3	5.8	6.5	18.7
