county	n	cvd_events_str	cancer_events_str	copd_events_str	asthma_events_str	diabetes_events_str	cvd_events	cancer_events	copd_events	asthma_events	diabetes_events	cvd_prop	cancer_prop	copd_prop	asthma_prop	diabetes_prop
01	2174039	79976 (3.7)	9688 (0.4)	9718 (0.4)	27497 (1.3)	79366 (3.7)	79976	9688	9718	27497	79366	3.7	0.4	0.4	1.3	3.7
03	346325	12256 (3.5)	1714 (0.5)	1601 (0.5)	4459 (1.3)	15187 (4.4)	12256	1714	1601	4459	15187	3.5	0.5	0.5	1.3	4.4
04	277220	10842 (3.9)	1284 (0.5)	1692 (0.6)	2710 (1)	14247 (5.1)	10842	1284	1692	2710	14247	3.9	0.5	0.6	1	5.1
05	436474	17703 (4.1)	2496 (0.6)	2310 (0.5)	5343 (1.2)	20528 (4.7)	17703	2496	2310	5343	20528	4.1	0.6	0.5	1.2	4.7
06	339444	15299 (4.5)	1889 (0.6)	2034 (0.6)	4331 (1.3)	16929 (5)	15299	1889	2034	4331	16929	4.5	0.6	0.6	1.3	5
07	186374	7179 (3.9)	1057 (0.6)	1074 (0.6)	2400 (1.3)	8590 (4.6)	7179	1057	1074	2400	8590	3.9	0.6	0.6	1.3	4.6
08	231956	10835 (4.7)	1284 (0.6)	1453 (0.6)	2516 (1.1)	12438 (5.4)	10835	1284	1453	2516	12438	4.7	0.6	0.6	1.1	5.4
09	56639	2695 (4.8)	356 (0.6)	338 (0.6)	650 (1.1)	2860 (5)	2695	356	338	650	2860	4.8	0.6	0.6	1.1	5
10	152136	6565 (4.3)	952 (0.6)	895 (0.6)	1603 (1.1)	7601 (5)	6565	952	895	1603	7601	4.3	0.6	0.6	1.1	5
12	1272311	54139 (4.3)	7185 (0.6)	6995 (0.5)	13072 (1)	59021 (4.6)	54139	7185	6995	13072	59021	4.3	0.6	0.5	1	4.6
13	308576	12050 (3.9)	1918 (0.6)	1323 (0.4)	3961 (1.3)	12860 (4.2)	12050	1918	1323	3961	12860	3.9	0.6	0.4	1.3	4.2
14	1612184	60292 (3.7)	8428 (0.5)	6735 (0.4)	14844 (0.9)	70745 (4.4)	60292	8428	6735	14844	70745	3.7	0.5	0.4	0.9	4.4
17	270128	12159 (4.5)	1655 (0.6)	1243 (0.5)	2937 (1.1)	15715 (5.8)	12159	1655	1243	2937	15715	4.5	0.6	0.5	1.1	5.8
18	284574	10683 (3.8)	1568 (0.6)	1202 (0.4)	2507 (0.9)	13976 (4.9)	10683	1568	1202	2507	13976	3.8	0.6	0.4	0.9	4.9
19	258458	11879 (4.6)	1428 (0.6)	1338 (0.5)	2692 (1)	13367 (5.2)	11879	1428	1338	2692	13367	4.6	0.6	0.5	1	5.2
20	274870	14061 (5.1)	1366 (0.5)	1303 (0.5)	3354 (1.2)	15291 (5.6)	14061	1366	1303	3354	15291	5.1	0.5	0.5	1.2	5.6
21	275551	14045 (5.1)	1617 (0.6)	1413 (0.5)	3508 (1.3)	15024 (5.5)	14045	1617	1413	3508	15024	5.1	0.6	0.5	1.3	5.5
22	238772	10618 (4.4)	1211 (0.5)	1027 (0.4)	2600 (1.1)	13781 (5.8)	10618	1211	1027	2600	13781	4.4	0.5	0.4	1.1	5.8
23	124686	4390 (3.5)	595 (0.5)	576 (0.5)	1251 (1)	6721 (5.4)	4390	595	576	1251	6721	3.5	0.5	0.5	1	5.4
24	258371	10178 (3.9)	1226 (0.5)	957 (0.4)	2860 (1.1)	11944 (4.6)	10178	1226	957	2860	11944	3.9	0.5	0.4	1.1	4.6
25	245340	11930 (4.9)	1120 (0.5)	1302 (0.5)	3363 (1.4)	12936 (5.3)	11930	1120	1302	3363	12936	4.9	0.5	0.5	1.4	5.3
