county	n	cvd_events_str	cancer_events_str	copd_events_str	asthma_events_str	diabetes_events_str	cvd_events	cancer_events	copd_events	asthma_events	diabetes_events	cvd_prop	cancer_prop	copd_prop	asthma_prop	diabetes_prop
01	2174039	246578 (11.3)	61677 (2.8)	24511 (1.1)	108338 (5)	95457 (4.4)	246578	61677	24511	108338	95457	11.3	2.8	1.1	5	4.4
03	346325	38853 (11.2)	9741 (2.8)	3782 (1.1)	14587 (4.2)	17733 (5.1)	38853	9741	3782	14587	17733	11.2	2.8	1.1	4.2	5.1
04	277220	36265 (13.1)	8322 (3)	4181 (1.5)	11789 (4.3)	16230 (5.9)	36265	8322	4181	11789	16230	13.1	3	1.5	4.3	5.9
05	436474	55758 (12.8)	14228 (3.3)	5299 (1.2)	18652 (4.3)	23724 (5.4)	55758	14228	5299	18652	23724	12.8	3.3	1.2	4.3	5.4
06	339444	45293 (13.3)	11081 (3.3)	4369 (1.3)	13546 (4)	19441 (5.7)	45293	11081	4369	13546	19441	13.3	3.3	1.3	4	5.7
07	186374	24158 (13)	6400 (3.4)	2433 (1.3)	9173 (4.9)	10094 (5.4)	24158	6400	2433	9173	10094	13	3.4	1.3	4.9	5.4
08	231956	34963 (15.1)	8526 (3.7)	3477 (1.5)	8675 (3.7)	14405 (6.2)	34963	8526	3477	8675	14405	15.1	3.7	1.5	3.7	6.2
09	56639	8445 (14.9)	1972 (3.5)	784 (1.4)	2475 (4.4)	3246 (5.7)	8445	1972	784	2475	3246	14.9	3.5	1.4	4.4	5.7
10	152136	22252 (14.6)	5595 (3.7)	2105 (1.4)	6459 (4.2)	9229 (6.1)	22252	5595	2105	6459	9229	14.6	3.7	1.4	4.2	6.1
12	1272311	171208 (13.5)	41205 (3.2)	17792 (1.4)	58297 (4.6)	71504 (5.6)	171208	41205	17792	58297	71504	13.5	3.2	1.4	4.6	5.6
13	308576	42549 (13.8)	11752 (3.8)	3571 (1.2)	14672 (4.8)	14775 (4.8)	42549	11752	3571	14672	14775	13.8	3.8	1.2	4.8	4.8
14	1612184	198323 (12.3)	50479 (3.1)	17500 (1.1)	58700 (3.6)	81581 (5.1)	198323	50479	17500	58700	81581	12.3	3.1	1.1	3.6	5.1
17	270128	36913 (13.7)	8965 (3.3)	3028 (1.1)	10484 (3.9)	18025 (6.7)	36913	8965	3028	10484	18025	13.7	3.3	1.1	3.9	6.7
18	284574	35856 (12.6)	8335 (2.9)	3017 (1.1)	10714 (3.8)	15780 (5.5)	35856	8335	3017	10714	15780	12.6	2.9	1.1	3.8	5.5
19	258458	35990 (13.9)	8371 (3.2)	3199 (1.2)	10738 (4.2)	15113 (5.8)	35990	8371	3199	10738	15113	13.9	3.2	1.2	4.2	5.8
20	274870	41222 (15)	8588 (3.1)	3238 (1.2)	13938 (5.1)	17434 (6.3)	41222	8588	3238	13938	17434	15	3.1	1.2	5.1	6.3
21	275551	39496 (14.3)	8499 (3.1)	3141 (1.1)	11571 (4.2)	17234 (6.3)	39496	8499	3141	11571	17234	14.3	3.1	1.1	4.2	6.3
22	238772	33225 (13.9)	7316 (3.1)	2493 (1)	9756 (4.1)	15655 (6.6)	33225	7316	2493	9756	15655	13.9	3.1	1	4.1	6.6
23	124686	15359 (12.3)	4058 (3.3)	1521 (1.2)	4747 (3.8)	7548 (6.1)	15359	4058	1521	4747	7548	12.3	3.3	1.2	3.8	6.1
24	258371	34132 (13.2)	7594 (2.9)	2690 (1)	13693 (5.3)	13563 (5.2)	34132	7594	2690	13693	13563	13.2	2.9	1	5.3	5.2
25	245340	36907 (15)	6684 (2.7)	3557 (1.4)	13550 (5.5)	15564 (6.3)	36907	6684	3557	13550	15564	15	2.7	1.4	5.5	6.3
