ageband	n	cvd_events_str	cancer_events_str	copd_events_str	asthma_events_str	diabetes_events_str	cvd_events	cancer_events	copd_events	asthma_events	diabetes_events	cvd_prop	cancer_prop	copd_prop	asthma_prop	diabetes_prop
0	1041469	7246 (0.7)	599 (0.1)	834 (0.1)	89578 (8.6)	1873 (0.2)	7246	599	834	89578	1873	0.7	0.1	0.1	8.6	0.2
10	1046237	11524 (1.1)	475 (0)	419 (0)	52546 (5)	7329 (0.7)	11524	475	419	52546	7329	1.1	0	0	5	0.7
20	1306883	25799 (2)	1699 (0.1)	429 (0)	24976 (1.9)	14154 (1.1)	25799	1699	429	24976	14154	2	0.1	0	1.9	1.1
30	1203053	37430 (3.1)	4428 (0.4)	543 (0)	18309 (1.5)	20778 (1.7)	37430	4428	543	18309	20778	3.1	0.4	0	1.5	1.7
40	1302755	65423 (5)	10859 (0.8)	2024 (0.2)	21539 (1.7)	36919 (2.8)	65423	10859	2024	21539	36919	5	0.8	0.2	1.7	2.8
50	1220303	108147 (8.9)	22687 (1.9)	8154 (0.7)	22530 (1.8)	72705 (6)	108147	22687	8154	22530	72705	8.9	1.9	0.7	1.8	6
60	1146021	195046 (17)	50598 (4.4)	23453 (2)	23833 (2.1)	124914 (10.9)	195046	50598	23453	23833	124914	17	4.4	2	2.1	10.9
70	856218	249939 (29.2)	60526 (7.1)	35183 (4.1)	22734 (2.7)	132664 (15.5)	249939	60526	35183	22734	132664	29.2	7.1	4.1	2.7	15.5
80	501489	227882 (45.4)	38423 (7.7)	24623 (4.9)	16579 (3.3)	77759 (15.5)	227882	38423	24623	16579	77759	45.4	7.7	4.9	3.3	15.5
