county	ageband	n	cvd_events_str	cancer_events_str	copd_events_str	asthma_events_str	diabetes_events_str	cvd_events	cancer_events	copd_events	asthma_events	diabetes_events	cvd_prop	cancer_prop	copd_prop	asthma_prop	diabetes_prop
01	0	257368	1427 (0.6)	103 (0)	351 (0.1)	18882 (7.3)	381 (0.1)	1427	103	351	18882	381	0.6	0	0.1	7.3	0.1
01	10	238146	2067 (0.9)	72 (0)	222 (0.1)	9607 (4)	1398 (0.6)	2067	72	222	9607	1398	0.9	0	0.1	4	0.6
01	20	301758	4222 (1.4)	274 (0.1)	69 (0)	4208 (1.4)	2556 (0.8)	4222	274	69	4208	2556	1.4	0.1	0	1.4	0.8
01	30	324475	6494 (2)	743 (0.2)	107 (0)	4204 (1.3)	3996 (1.2)	6494	743	107	4204	3996	2	0.2	0	1.3	1.2
01	40	319742	10447 (3.3)	1726 (0.5)	322 (0.1)	4697 (1.5)	7347 (2.3)	10447	1726	322	4697	7347	3.3	0.5	0.1	1.5	2.3
01	50	271601	17106 (6.3)	3714 (1.4)	1478 (0.5)	4609 (1.7)	14704 (5.4)	17106	3714	1478	4609	14704	6.3	1.4	0.5	1.7	5.4
01	60	218741	28527 (13)	7861 (3.6)	3821 (1.7)	4244 (1.9)	22197 (10.1)	28527	7861	3821	4244	22197	13	3.6	1.7	1.9	10.1
01	70	156684	36414 (23.2)	8111 (5.2)	5815 (3.7)	3510 (2.2)	21924 (14)	36414	8111	5815	3510	21924	23.2	5.2	3.7	2.2	14
01	80	85524	33461 (39.1)	4630 (5.4)	4544 (5.3)	2290 (2.7)	11692 (13.7)	33461	4630	4544	2290	11692	39.1	5.4	5.3	2.7	13.7
03	0	37619	198 (0.5)	8 (0)	12 (0)	2633 (7)	76 (0.2)	198	8	12	2633	76	0.5	0	0	7	0.2
03	10	37617	292 (0.8)	9 (0)	2 (0)	1201 (3.2)	328 (0.9)	292	9	2	1201	328	0.8	0	0	3.2	0.9
03	20	55691	618 (1.1)	76 (0.1)	8 (0)	662 (1.2)	589 (1.1)	618	76	8	662	589	1.1	0.1	0	1.2	1.1
03	30	42875	735 (1.7)	117 (0.3)	9 (0)	548 (1.3)	682 (1.6)	735	117	9	548	682	1.7	0.3	0	1.3	1.6
03	40	45498	1403 (3.1)	287 (0.6)	45 (0.1)	613 (1.3)	1210 (2.7)	1403	287	45	613	1210	3.1	0.6	0.1	1.3	2.7
03	50	42280	2407 (5.7)	554 (1.3)	202 (0.5)	673 (1.6)	2498 (5.9)	2407	554	202	673	2498	5.7	1.3	0.5	1.6	5.9
03	60	40451	4776 (11.8)	1163 (2.9)	666 (1.6)	716 (1.8)	4212 (10.4)	4776	1163	666	716	4212	11.8	2.9	1.6	1.8	10.4
03	70	28724	6120 (21.3)	1346 (4.7)	1025 (3.6)	645 (2.2)	4294 (14.9)	6120	1346	1025	645	4294	21.3	4.7	3.6	2.2	14.9
03	80	15570	5537 (35.6)	768 (4.9)	646 (4.1)	502 (3.2)	2422 (15.6)	5537	768	646	502	2422	35.6	4.9	4.1	3.2	15.6
04	0	29626	181 (0.6)	8 (0)	10 (0)	1771 (6)	47 (0.2)	181	8	10	1771	47	0.6	0	0	6	0.2
04	10	31647	266 (0.8)	7 (0)	8 (0)	951 (3)	213 (0.7)	266	7	8	951	213	0.8	0	0	3	0.7
04	20	33237	438 (1.3)	19 (0.1)	10 (0)	371 (1.1)	395 (1.2)	438	19	10	371	395	1.3	0.1	0	1.1	1.2
04	30	30297	571 (1.9)	68 (0.2)	15 (0)	289 (1)	502 (1.7)	571	68	15	289	502	1.9	0.2	0	1	1.7
04	40	36357	1175 (3.2)	179 (0.5)	65 (0.2)	376 (1)	1191 (3.3)	1175	179	65	376	1191	3.2	0.5	0.2	1	3.3
04	50	35708	2131 (6)	383 (1.1)	260 (0.7)	493 (1.4)	2362 (6.6)	2131	383	260	493	2362	6	1.1	0.7	1.4	6.6
04	60	36434	4385 (12)	983 (2.7)	700 (1.9)	568 (1.6)	3985 (10.9)	4385	983	700	568	3985	12	2.7	1.9	1.6	10.9
04	70	28349	5963 (21)	1148 (4)	1119 (3.9)	602 (2.1)	4150 (14.6)	5963	1148	1119	602	4150	21	4	3.9	2.1	14.6
04	80	15565	5498 (35.3)	675 (4.3)	736 (4.7)	440 (2.8)	2274 (14.6)	5498	675	736	440	2274	35.3	4.3	4.7	2.8	14.6
05	0	46254	175 (0.4)	17 (0)	8 (0)	2788 (6)	86 (0.2)	175	17	8	2788	86	0.4	0	0	6	0.2
05	10	47686	319 (0.7)	15 (0)	7 (0)	1649 (3.5)	298 (0.6)	319	15	7	1649	298	0.7	0	0	3.5	0.6
05	20	63729	794 (1.2)	82 (0.1)	17 (0)	805 (1.3)	719 (1.1)	794	82	17	805	719	1.2	0.1	0	1.3	1.1
05	30	51592	1019 (2)	138 (0.3)	16 (0)	611 (1.2)	892 (1.7)	1019	138	16	611	892	2	0.3	0	1.2	1.7
05	40	57228	1961 (3.4)	369 (0.6)	66 (0.1)	729 (1.3)	1639 (2.9)	1961	369	66	729	1639	3.4	0.6	0.1	1.3	2.9
05	50	54206	3477 (6.4)	704 (1.3)	318 (0.6)	780 (1.4)	3206 (5.9)	3477	704	318	780	3206	6.4	1.3	0.6	1.4	5.9
05	60	52294	6943 (13.3)	1593 (3)	959 (1.8)	884 (1.7)	5381 (10.3)	6943	1593	959	884	5381	13.3	3	1.8	1.7	10.3
05	70	39493	9056 (22.9)	2000 (5.1)	1414 (3.6)	889 (2.3)	5967 (15.1)	9056	2000	1414	889	5967	22.9	5.1	3.6	2.3	15.1
05	80	23992	8646 (36)	1310 (5.5)	961 (4)	672 (2.8)	3741 (15.6)	8646	1310	961	672	3741	36	5.5	4	2.8	15.6
06	0	37064	140 (0.4)	12 (0)	32 (0.1)	3099 (8.4)	66 (0.2)	140	12	32	3099	66	0.4	0	0.1	8.4	0.2
06	10	39202	230 (0.6)	10 (0)	8 (0)	743 (1.9)	265 (0.7)	230	10	8	743	265	0.6	0	0	1.9	0.7
06	20	44551	553 (1.2)	52 (0.1)	11 (0)	523 (1.2)	481 (1.1)	553	52	11	523	481	1.2	0.1	0	1.2	1.1
06	30	38982	770 (2)	116 (0.3)	14 (0)	372 (1)	668 (1.7)	770	116	14	372	668	2	0.3	0	1	1.7
06	40	44969	1680 (3.7)	266 (0.6)	62 (0.1)	551 (1.2)	1323 (2.9)	1680	266	62	551	1323	3.7	0.6	0.1	1.2	2.9
06	50	42817	2791 (6.5)	551 (1.3)	253 (0.6)	637 (1.5)	2617 (6.1)	2791	551	253	637	2617	6.5	1.3	0.6	1.5	6.1
06	60	41009	5410 (13.2)	1244 (3)	824 (2)	760 (1.9)	4334 (10.6)	5410	1244	824	760	4334	13.2	3	2	1.9	10.6
06	70	30933	7516 (24.3)	1447 (4.7)	1201 (3.9)	740 (2.4)	4900 (15.8)	7516	1447	1201	740	4900	24.3	4.7	3.9	2.4	15.8
06	80	19917	7904 (39.7)	1040 (5.2)	890 (4.5)	696 (3.5)	3374 (16.9)	7904	1040	890	696	3374	39.7	5.2	4.5	3.5	16.9
07	0	20056	71 (0.4)	9 (0)	11 (0.1)	1908 (9.5)	32 (0.2)	71	9	11	1908	32	0.4	0	0.1	9.5	0.2
07	10	20851	144 (0.7)	6 (0)	7 (0)	1221 (5.9)	154 (0.7)	144	6	7	1221	154	0.7	0	0	5.9	0.7
07	20	25096	307 (1.2)	20 (0.1)	3 (0)	278 (1.1)	306 (1.2)	307	20	3	278	306	1.2	0.1	0	1.1	1.2
07	30	21767	393 (1.8)	43 (0.2)	1 (0)	185 (0.8)	425 (2)	393	43	1	185	425	1.8	0.2	0	0.8	2
07	40	24043	745 (3.1)	138 (0.6)	27 (0.1)	205 (0.9)	630 (2.6)	745	138	27	205	630	3.1	0.6	0.1	0.9	2.6
07	50	22751	1327 (5.8)	298 (1.3)	110 (0.5)	225 (1)	1251 (5.5)	1327	298	110	225	1251	5.8	1.3	0.5	1	5.5
07	60	23156	2768 (12)	733 (3.2)	417 (1.8)	205 (0.9)	2266 (9.8)	2768	733	417	205	2266	12	3.2	1.8	0.9	9.8
07	70	17275	3744 (21.7)	793 (4.6)	634 (3.7)	212 (1.2)	2518 (14.6)	3744	793	634	212	2518	21.7	4.6	3.7	1.2	14.6
07	80	11379	3984 (35)	600 (5.3)	494 (4.3)	169 (1.5)	1690 (14.9)	3984	600	494	169	1690	35	5.3	4.3	1.5	14.9
08	0	22045	137 (0.6)	12 (0.1)	5 (0)	1677 (7.6)	43 (0.2)	137	12	5	1677	43	0.6	0.1	0	7.6	0.2
08	10	24031	184 (0.8)	2 (0)	1 (0)	843 (3.5)	155 (0.6)	184	2	1	843	155	0.8	0	0	3.5	0.6
08	20	28573	356 (1.2)	27 (0.1)	6 (0)	275 (1)	285 (1)	356	27	6	275	285	1.2	0.1	0	1	1
08	30	23800	469 (2)	75 (0.3)	5 (0)	183 (0.8)	354 (1.5)	469	75	5	183	354	2	0.3	0	0.8	1.5
08	40	29294	966 (3.3)	175 (0.6)	42 (0.1)	299 (1)	724 (2.5)	966	175	42	299	724	3.3	0.6	0.1	1	2.5
08	50	30664	1970 (6.4)	360 (1.2)	197 (0.6)	360 (1.2)	1795 (5.9)	1970	360	197	360	1795	6.4	1.2	0.6	1.2	5.9
08	60	32677	4324 (13.2)	1013 (3.1)	585 (1.8)	428 (1.3)	3499 (10.7)	4324	1013	585	428	3499	13.2	3.1	1.8	1.3	10.7
08	70	25606	6101 (23.8)	1178 (4.6)	939 (3.7)	419 (1.6)	4092 (16)	6101	1178	939	419	4092	23.8	4.6	3.7	1.6	16
08	80	15266	5763 (37.8)	728 (4.8)	668 (4.4)	298 (2)	2400 (15.7)	5763	728	668	298	2400	37.8	4.8	4.4	2	15.7
09	0	5251	23 (0.4)	0 (0)	3 (0.1)	447 (8.5)	12 (0.2)	23	0	3	447	12	0.4	0	0.1	8.5	0.2
09	10	5721	44 (0.8)	1 (0)	1 (0)	289 (5.1)	44 (0.8)	44	1	1	289	44	0.8	0	0	5.1	0.8
09	20	6871	116 (1.7)	6 (0.1)	0 (0)	85 (1.2)	95 (1.4)	116	6	0	85	95	1.7	0.1	0	1.2	1.4
09	30	5476	104 (1.9)	12 (0.2)	4 (0.1)	54 (1)	120 (2.2)	104	12	4	54	120	1.9	0.2	0.1	1	2.2
09	40	7250	261 (3.6)	48 (0.7)	10 (0.1)	49 (0.7)	184 (2.5)	261	48	10	49	184	3.6	0.7	0.1	0.7	2.5
09	50	7961	518 (6.5)	87 (1.1)	43 (0.5)	70 (0.9)	368 (4.6)	518	87	43	70	368	6.5	1.1	0.5	0.9	4.6
09	60	8366	1054 (12.6)	245 (2.9)	144 (1.7)	93 (1.1)	816 (9.8)	1054	245	144	93	816	12.6	2.9	1.7	1.1	9.8
09	70	6288	1436 (22.8)	300 (4.8)	218 (3.5)	86 (1.4)	891 (14.2)	1436	300	218	86	891	22.8	4.8	3.5	1.4	14.2
09	80	3455	1253 (36.3)	193 (5.6)	126 (3.6)	46 (1.3)	492 (14.2)	1253	193	126	46	492	36.3	5.6	3.6	1.3	14.2
10	0	15176	57 (0.4)	7 (0)	3 (0)	918 (6)	32 (0.2)	57	7	3	918	32	0.4	0	0	6	0.2
10	10	16381	114 (0.7)	6 (0)	3 (0)	576 (3.5)	127 (0.8)	114	6	3	576	127	0.7	0	0	3.5	0.8
10	20	18602	228 (1.2)	16 (0.1)	5 (0)	251 (1.3)	221 (1.2)	228	16	5	251	221	1.2	0.1	0	1.3	1.2
10	30	16639	362 (2.2)	48 (0.3)	8 (0)	163 (1)	315 (1.9)	362	48	8	163	315	2.2	0.3	0	1	1.9
10	40	19941	690 (3.5)	105 (0.5)	36 (0.2)	246 (1.2)	556 (2.8)	690	105	36	246	556	3.5	0.5	0.2	1.2	2.8
10	50	19340	1233 (6.4)	253 (1.3)	116 (0.6)	261 (1.3)	1046 (5.4)	1233	253	116	261	1046	6.4	1.3	0.6	1.3	5.4
10	60	19965	2544 (12.7)	629 (3.2)	369 (1.8)	304 (1.5)	2025 (10.1)	2544	629	369	304	2025	12.7	3.2	1.8	1.5	10.1
10	70	16453	3670 (22.3)	761 (4.6)	530 (3.2)	300 (1.8)	2352 (14.3)	3670	761	530	300	2352	22.3	4.6	3.2	1.8	14.3
10	80	9639	3491 (36.2)	533 (5.5)	365 (3.8)	238 (2.5)	1406 (14.6)	3491	533	365	238	1406	36.2	5.5	3.8	2.5	14.6
12	0	141556	685 (0.5)	62 (0)	77 (0.1)	9305 (6.6)	240 (0.2)	685	62	77	9305	240	0.5	0	0.1	6.6	0.2
12	10	136630	1176 (0.9)	43 (0)	22 (0)	5478 (4)	934 (0.7)	1176	43	22	5478	934	0.9	0	0	4	0.7
12	20	174415	2399 (1.4)	161 (0.1)	44 (0)	2030 (1.2)	1895 (1.1)	2399	161	44	2030	1895	1.4	0.1	0	1.2	1.1
12	30	164660	3506 (2.1)	415 (0.3)	59 (0)	1705 (1)	3005 (1.8)	3506	415	59	1705	3005	2.1	0.3	0	1	1.8
12	40	171851	6160 (3.6)	1083 (0.6)	259 (0.2)	2072 (1.2)	4722 (2.7)	6160	1083	259	2072	4722	3.6	0.6	0.2	1.2	2.7
12	50	157164	10982 (7)	2130 (1.4)	1019 (0.6)	1936 (1.2)	9620 (6.1)	10982	2130	1019	1936	9620	7	1.4	0.6	1.2	6.1
12	60	147565	20793 (14.1)	4688 (3.2)	2846 (1.9)	2142 (1.5)	16697 (11.3)	20793	4688	2846	2142	16697	14.1	3.2	1.9	1.5	11.3
12	70	112083	27786 (24.8)	5751 (5.1)	4465 (4)	1966 (1.8)	17538 (15.6)	27786	5751	4465	1966	17538	24.8	5.1	4	1.8	15.6
12	80	66387	25432 (38.3)	3511 (5.3)	3000 (4.5)	1330 (2)	9608 (14.5)	25432	3511	3000	1330	9608	38.3	5.3	4.5	2	14.5
13	0	33766	174 (0.5)	8 (0)	12 (0)	2249 (6.7)	52 (0.2)	174	8	12	2249	52	0.5	0	0	6.7	0.2
13	10	35312	301 (0.9)	8 (0)	4 (0)	1746 (4.9)	268 (0.8)	301	8	4	1746	268	0.9	0	0	4.9	0.8
13	20	37421	465 (1.2)	29 (0.1)	3 (0)	497 (1.3)	410 (1.1)	465	29	3	497	410	1.2	0.1	0	1.3	1.1
13	30	34016	682 (2)	115 (0.3)	9 (0)	354 (1)	502 (1.5)	682	115	9	354	502	2	0.3	0	1	1.5
13	40	42196	1282 (3)	294 (0.7)	41 (0.1)	496 (1.2)	922 (2.2)	1282	294	41	496	922	3	0.7	0.1	1.2	2.2
13	50	40052	2360 (5.9)	579 (1.4)	149 (0.4)	470 (1.2)	1843 (4.6)	2360	579	149	470	1843	5.9	1.4	0.4	1.2	4.6
13	60	38614	4906 (12.7)	1295 (3.4)	515 (1.3)	486 (1.3)	3384 (8.8)	4906	1295	515	486	3384	12.7	3.4	1.3	1.3	8.8
13	70	29724	6887 (23.2)	1622 (5.5)	893 (3)	549 (1.8)	3955 (13.3)	6887	1622	893	549	3955	23.2	5.5	3	1.8	13.3
13	80	17475	6562 (37.6)	1117 (6.4)	650 (3.7)	453 (2.6)	2317 (13.3)	6562	1117	650	453	2317	37.6	6.4	3.7	2.6	13.3
14	0	174363	923 (0.5)	87 (0)	67 (0)	9927 (5.7)	321 (0.2)	923	87	67	9927	321	0.5	0	0	5.7	0.2
14	10	173804	1340 (0.8)	52 (0)	19 (0)	5065 (2.9)	1253 (0.7)	1340	52	19	5065	1253	0.8	0	0	2.9	0.7
14	20	227114	2714 (1.2)	221 (0.1)	38 (0)	1965 (0.9)	2119 (0.9)	2714	221	38	1965	2119	1.2	0.1	0	0.9	0.9
14	30	205385	3792 (1.8)	552 (0.3)	67 (0)	1651 (0.8)	2727 (1.3)	3792	552	67	1651	2727	1.8	0.3	0	0.8	1.3
14	40	216672	6821 (3.1)	1298 (0.6)	243 (0.1)	1935 (0.9)	5628 (2.6)	6821	1298	243	1935	5628	3.1	0.6	0.1	0.9	2.6
14	50	204787	12265 (6)	2650 (1.3)	978 (0.5)	2112 (1)	11388 (5.6)	12265	2650	978	2112	11388	6	1.3	0.5	1	5.6
14	60	188492	23010 (12.2)	5528 (2.9)	2736 (1.5)	2411 (1.3)	19615 (10.4)	23010	5528	2736	2411	19615	12.2	2.9	1.5	1.3	10.4
14	70	137907	30886 (22.4)	6495 (4.7)	4341 (3.1)	2320 (1.7)	20438 (14.8)	30886	6495	4341	2320	20438	22.4	4.7	3.1	1.7	14.8
14	80	83660	30169 (36.1)	4627 (5.5)	3056 (3.7)	1967 (2.4)	11863 (14.2)	30169	4627	3056	1967	11863	36.1	5.5	3.7	2.4	14.2
17	0	25711	126 (0.5)	10 (0)	3 (0)	1877 (7.3)	53 (0.2)	126	10	3	1877	53	0.5	0	0	7.3	0.2
17	10	28202	195 (0.7)	12 (0)	1 (0)	1218 (4.3)	185 (0.7)	195	12	1	1218	185	0.7	0	0	4.3	0.7
17	20	34737	405 (1.2)	30 (0.1)	4 (0)	420 (1.2)	386 (1.1)	405	30	4	420	386	1.2	0.1	0	1.2	1.1
17	30	28276	510 (1.8)	78 (0.3)	8 (0)	317 (1.1)	512 (1.8)	510	78	8	317	512	1.8	0.3	0	1.1	1.8
17	40	34905	1113 (3.2)	204 (0.6)	27 (0.1)	415 (1.2)	1100 (3.2)	1113	204	27	415	1100	3.2	0.6	0.1	1.2	3.2
17	50	36072	2302 (6.4)	446 (1.2)	170 (0.5)	492 (1.4)	2237 (6.2)	2302	446	170	492	2237	6.4	1.2	0.5	1.4	6.2
17	60	36579	4827 (13.2)	1056 (2.9)	552 (1.5)	498 (1.4)	4461 (12.2)	4827	1056	552	498	4461	13.2	2.9	1.5	1.4	12.2
17	70	28020	6655 (23.8)	1260 (4.5)	835 (3)	472 (1.7)	4902 (17.5)	6655	1260	835	472	4902	23.8	4.5	3	1.7	17.5
17	80	17626	6560 (37.2)	863 (4.9)	589 (3.3)	339 (1.9)	2948 (16.7)	6560	863	589	339	2948	37.2	4.9	3.3	1.9	16.7
18	0	30190	132 (0.4)	11 (0)	6 (0)	1742 (5.8)	48 (0.2)	132	11	6	1742	48	0.4	0	0	5.8	0.2
18	10	31488	199 (0.6)	7 (0)	6 (0)	953 (3)	226 (0.7)	199	7	6	953	226	0.6	0	0	3	0.7
18	20	38926	432 (1.1)	37 (0.1)	5 (0)	343 (0.9)	395 (1)	432	37	5	343	395	1.1	0.1	0	0.9	1
18	30	32700	606 (1.9)	76 (0.2)	8 (0)	253 (0.8)	578 (1.8)	606	76	8	253	578	1.9	0.2	0	0.8	1.8
18	40	37379	1240 (3.3)	212 (0.6)	44 (0.1)	350 (0.9)	1102 (2.9)	1240	212	44	350	1102	3.3	0.6	0.1	0.9	2.9
18	50	35295	2172 (6.2)	354 (1)	180 (0.5)	384 (1.1)	2189 (6.2)	2172	354	180	384	2189	6.2	1	0.5	1.1	6.2
18	60	35638	4510 (12.7)	963 (2.7)	552 (1.5)	436 (1.2)	3836 (10.8)	4510	963	552	436	3836	12.7	2.7	1.5	1.2	10.8
18	70	27424	5779 (21.1)	1145 (4.2)	726 (2.6)	450 (1.6)	4224 (15.4)	5779	1145	726	450	4224	21.1	4.2	2.6	1.6	15.4
18	80	15534	5274 (34)	758 (4.9)	512 (3.3)	332 (2.1)	2233 (14.4)	5274	758	512	332	2233	34	4.9	3.3	2.1	14.4
19	0	26914	213 (0.8)	16 (0.1)	9 (0)	1687 (6.3)	56 (0.2)	213	16	9	1687	56	0.8	0.1	0	6.3	0.2
19	10	28327	228 (0.8)	4 (0)	3 (0)	1022 (3.6)	238 (0.8)	228	4	3	1022	238	0.8	0	0	3.6	0.8
19	20	33453	416 (1.2)	25 (0.1)	5 (0)	302 (0.9)	373 (1.1)	416	25	5	302	373	1.2	0.1	0	0.9	1.1
19	30	29465	644 (2.2)	79 (0.3)	10 (0)	267 (0.9)	528 (1.8)	644	79	10	267	528	2.2	0.3	0	0.9	1.8
19	40	34302	1171 (3.4)	177 (0.5)	47 (0.1)	361 (1.1)	1093 (3.2)	1171	177	47	361	1093	3.4	0.5	0.1	1.1	3.2
19	50	33375	2190 (6.6)	365 (1.1)	174 (0.5)	398 (1.2)	2134 (6.4)	2190	365	174	398	2134	6.6	1.1	0.5	1.2	6.4
19	60	32287	4480 (13.9)	917 (2.8)	589 (1.8)	486 (1.5)	3637 (11.3)	4480	917	589	486	3637	13.9	2.8	1.8	1.5	11.3
19	70	25477	6217 (24.4)	1210 (4.7)	881 (3.5)	491 (1.9)	3975 (15.6)	6217	1210	881	491	3975	24.4	4.7	3.5	1.9	15.6
19	80	14858	5555 (37.4)	803 (5.4)	526 (3.5)	432 (2.9)	2206 (14.8)	5555	803	526	432	2206	37.4	5.4	3.5	2.9	14.8
20	0	27171	108 (0.4)	9 (0)	4 (0)	1973 (7.3)	50 (0.2)	108	9	4	1973	50	0.4	0	0	7.3	0.2
20	10	29705	192 (0.6)	8 (0)	2 (0)	1772 (6)	187 (0.6)	192	8	2	1772	187	0.6	0	0	6	0.6
20	20	32842	443 (1.3)	25 (0.1)	1 (0)	388 (1.2)	410 (1.2)	443	25	1	388	410	1.3	0.1	0	1.2	1.2
20	30	28896	602 (2.1)	72 (0.2)	6 (0)	240 (0.8)	603 (2.1)	602	72	6	240	603	2.1	0.2	0	0.8	2.1
20	40	34436	1226 (3.6)	168 (0.5)	47 (0.1)	346 (1)	1107 (3.2)	1226	168	47	346	1107	3.6	0.5	0.1	1	3.2
20	50	36400	2491 (6.8)	381 (1)	158 (0.4)	376 (1)	2155 (5.9)	2491	381	158	376	2155	6.8	1	0.4	1	5.9
20	60	38984	5371 (13.8)	989 (2.5)	514 (1.3)	478 (1.2)	4298 (11)	5371	989	514	478	4298	13.8	2.5	1.3	1.2	11
20	70	29040	7133 (24.6)	1114 (3.8)	832 (2.9)	522 (1.8)	4666 (16.1)	7133	1114	832	522	4666	24.6	3.8	2.9	1.8	16.1
20	80	17396	6639 (38.2)	767 (4.4)	569 (3.3)	417 (2.4)	2807 (16.1)	6639	767	569	417	2807	38.2	4.4	3.3	2.4	16.1
21	0	26806	93 (0.3)	8 (0)	3 (0)	1946 (7.3)	56 (0.2)	93	8	3	1946	56	0.3	0	0	7.3	0.2
21	10	29791	170 (0.6)	8 (0)	7 (0)	1151 (3.9)	230 (0.8)	170	8	7	1151	230	0.6	0	0	3.9	0.8
21	20	34042	482 (1.4)	28 (0.1)	3 (0)	387 (1.1)	420 (1.2)	482	28	3	387	420	1.4	0.1	0	1.1	1.2
21	30	28416	612 (2.2)	69 (0.2)	4 (0)	318 (1.1)	473 (1.7)	612	69	4	318	473	2.2	0.2	0	1.1	1.7
21	40	36062	1205 (3.3)	196 (0.5)	34 (0.1)	335 (0.9)	1087 (3)	1205	196	34	335	1087	3.3	0.5	0.1	0.9	3
21	50	36573	2476 (6.8)	391 (1.1)	166 (0.5)	450 (1.2)	2253 (6.2)	2476	391	166	450	2253	6.8	1.1	0.5	1.2	6.2
21	60	38056	5086 (13.4)	972 (2.6)	554 (1.5)	568 (1.5)	4341 (11.4)	5086	972	554	568	4341	13.4	2.6	1.5	1.5	11.4
21	70	29101	7055 (24.2)	1385 (4.8)	880 (3)	704 (2.4)	4577 (15.7)	7055	1385	880	704	4577	24.2	4.8	3	2.4	15.7
21	80	16704	6393 (38.3)	804 (4.8)	648 (3.9)	494 (3)	2594 (15.5)	6393	804	648	494	2594	38.3	4.8	3.9	3	15.5
22	0	23341	97 (0.4)	5 (0)	8 (0)	1580 (6.8)	56 (0.2)	97	5	8	1580	56	0.4	0	0	6.8	0.2
22	10	25872	192 (0.7)	6 (0)	2 (0)	1094 (4.2)	200 (0.8)	192	6	2	1094	200	0.7	0	0	4.2	0.8
22	20	28126	358 (1.3)	21 (0.1)	6 (0)	269 (1)	342 (1.2)	358	21	6	269	342	1.3	0.1	0	1	1.2
22	30	25584	484 (1.9)	61 (0.2)	2 (0)	197 (0.8)	470 (1.8)	484	61	2	197	470	1.9	0.2	0	0.8	1.8
22	40	31346	944 (3)	168 (0.5)	22 (0.1)	246 (0.8)	998 (3.2)	944	168	22	246	998	3	0.5	0.1	0.8	3.2
22	50	31343	2035 (6.5)	350 (1.1)	131 (0.4)	336 (1.1)	2014 (6.4)	2035	350	131	336	2014	6.5	1.1	0.4	1.1	6.4
22	60	32820	4233 (12.9)	861 (2.6)	436 (1.3)	368 (1.1)	3973 (12.1)	4233	861	436	368	3973	12.9	2.6	1.3	1.1	12.1
22	70	25536	5917 (23.2)	1077 (4.2)	662 (2.6)	403 (1.6)	4141 (16.2)	5917	1077	662	403	4141	23.2	4.2	2.6	1.6	16.2
22	80	14804	5232 (35.3)	610 (4.1)	425 (2.9)	271 (1.8)	2351 (15.9)	5232	610	425	271	2351	35.3	4.1	2.9	1.8	15.9
23	0	12444	49 (0.4)	5 (0)	3 (0)	574 (4.6)	21 (0.2)	49	5	3	574	21	0.4	0	0	4.6	0.2
23	10	13035	94 (0.7)	5 (0)	0 (0)	368 (2.8)	108 (0.8)	94	5	0	368	108	0.7	0	0	2.8	0.8
23	20	15756	167 (1.1)	8 (0.1)	6 (0)	254 (1.6)	151 (1)	167	8	6	254	151	1.1	0.1	0	1.6	1
23	30	13427	219 (1.6)	40 (0.3)	2 (0)	187 (1.4)	202 (1.5)	219	40	2	187	202	1.6	0.3	0	1.4	1.5
23	40	15887	438 (2.8)	82 (0.5)	17 (0.1)	195 (1.2)	379 (2.4)	438	82	17	195	379	2.8	0.5	0.1	1.2	2.4
23	50	16409	898 (5.5)	211 (1.3)	66 (0.4)	221 (1.3)	948 (5.8)	898	211	66	221	948	5.5	1.3	0.4	1.3	5.8
23	60	17355	1962 (11.3)	479 (2.8)	249 (1.4)	249 (1.4)	1977 (11.4)	1962	479	249	249	1977	11.3	2.8	1.4	1.4	11.4
23	70	12653	2596 (20.5)	567 (4.5)	379 (3)	249 (2)	2081 (16.4)	2596	567	379	249	2081	20.5	4.5	3	2	16.4
23	80	7720	2469 (32)	320 (4.1)	297 (3.8)	188 (2.4)	1287 (16.7)	2469	320	297	188	1287	32	4.1	3.8	2.4	16.7
24	0	26267	161 (0.6)	13 (0)	20 (0.1)	1738 (6.6)	45 (0.2)	161	13	20	1738	45	0.6	0	0.1	6.6	0.2
24	10	27265	219 (0.8)	9 (0)	4 (0)	881 (3.2)	224 (0.8)	219	9	4	881	224	0.8	0	0	3.2	0.8
24	20	39437	455 (1.2)	32 (0.1)	12 (0)	460 (1.2)	391 (1)	455	32	12	460	391	1.2	0.1	0	1.2	1
24	30	30837	469 (1.5)	70 (0.2)	13 (0)	311 (1)	473 (1.5)	469	70	13	311	473	1.5	0.2	0	1	1.5
24	40	32146	958 (3)	161 (0.5)	36 (0.1)	405 (1.3)	846 (2.6)	958	161	36	405	846	3	0.5	0.1	1.3	2.6
24	50	31955	1934 (6.1)	378 (1.2)	107 (0.3)	475 (1.5)	1823 (5.7)	1934	378	107	475	1823	6.1	1.2	0.3	1.5	5.7
24	60	32344	4173 (12.9)	850 (2.6)	384 (1.2)	533 (1.6)	3298 (10.2)	4173	850	384	533	3298	12.9	2.6	1.2	1.6	10.2
24	70	23829	5618 (23.6)	999 (4.2)	678 (2.8)	600 (2.5)	3435 (14.4)	5618	999	678	600	3435	23.6	4.2	2.8	2.5	14.4
24	80	14291	5350 (37.4)	586 (4.1)	454 (3.2)	416 (2.9)	2140 (15)	5350	586	454	416	2140	37.4	4.1	3.2	2.9	15
25	0	22481	71 (0.3)	6 (0)	5 (0)	1828 (8.1)	44 (0.2)	71	6	5	1828	44	0.3	0	0	8.1	0.2
25	10	25524	165 (0.6)	8 (0)	1 (0)	1282 (5)	157 (0.6)	165	8	1	1282	157	0.6	0	0	5	0.6
25	20	32506	321 (1)	16 (0)	10 (0)	359 (1.1)	325 (1)	321	16	10	359	325	1	0	0	1.1	1
25	30	25488	420 (1.6)	57 (0.2)	4 (0)	224 (0.9)	380 (1.5)	420	57	4	224	380	1.6	0.2	0	0.9	1.5
25	40	31251	916 (2.9)	123 (0.4)	33 (0.1)	345 (1.1)	823 (2.6)	916	123	33	345	823	2.9	0.4	0.1	1.1	2.6
25	50	33550	2185 (6.5)	326 (1)	154 (0.5)	523 (1.6)	1976 (5.9)	2185	326	154	523	1976	6.5	1	0.5	1.6	5.9
25	60	34194	4606 (13.5)	796 (2.3)	511 (1.5)	664 (1.9)	3669 (10.7)	4606	796	511	664	3669	13.5	2.3	1.5	1.9	10.7
25	70	25619	6476 (25.3)	940 (3.7)	854 (3.3)	665 (2.6)	4117 (16.1)	6476	940	854	665	4117	25.3	3.7	3.3	2.6	16.1
25	80	14727	5629 (38.2)	518 (3.5)	543 (3.7)	517 (3.5)	2414 (16.4)	5629	518	543	517	2414	38.2	3.5	3.7	3.5	16.4
