county	n	cvd_events_str	cancer_events_str	copd_events_str	asthma_events_str	diabetes_events_str	cvd_events	cancer_events	copd_events	asthma_events	diabetes_events	cvd_prop	cancer_prop	copd_prop	asthma_prop	diabetes_prop
01	2174039	140165 (6.4)	27234 (1.3)	16729 (0.8)	56251 (2.6)	86195 (4)	140165	27234	16729	56251	86195	6.4	1.3	0.8	2.6	4
03	346325	22086 (6.4)	4328 (1.2)	2615 (0.8)	8193 (2.4)	16311 (4.7)	22086	4328	2615	8193	16311	6.4	1.2	0.8	2.4	4.7
04	277220	20608 (7.4)	3470 (1.3)	2923 (1.1)	5861 (2.1)	15119 (5.5)	20608	3470	2923	5861	15119	7.4	1.3	1.1	2.1	5.5
05	436474	32390 (7.4)	6228 (1.4)	3766 (0.9)	9807 (2.2)	21929 (5)	32390	6228	3766	9807	21929	7.4	1.4	0.9	2.2	5
06	339444	26994 (8)	4738 (1.4)	3295 (1)	8121 (2.4)	18028 (5.3)	26994	4738	3295	8121	18028	8	1.4	1	2.4	5.3
07	186374	13483 (7.2)	2640 (1.4)	1704 (0.9)	4608 (2.5)	9272 (5)	13483	2640	1704	4608	9272	7.2	1.4	0.9	2.5	5
08	231956	20270 (8.7)	3570 (1.5)	2448 (1.1)	4782 (2.1)	13347 (5.8)	20270	3570	2448	4782	13347	8.7	1.5	1.1	2.1	5.8
09	56639	4809 (8.5)	892 (1.6)	549 (1)	1219 (2.2)	3022 (5.3)	4809	892	549	1219	3022	8.5	1.6	1	2.2	5.3
10	152136	12389 (8.1)	2358 (1.5)	1435 (0.9)	3257 (2.1)	8080 (5.3)	12389	2358	1435	3257	8080	8.1	1.5	0.9	2.1	5.3
12	1272311	98919 (7.8)	17844 (1.4)	11791 (0.9)	27964 (2.2)	64259 (5.1)	98919	17844	11791	27964	64259	7.8	1.4	0.9	2.2	5.1
13	308576	23619 (7.7)	5067 (1.6)	2276 (0.7)	7300 (2.4)	13653 (4.4)	23619	5067	2276	7300	13653	7.7	1.6	0.7	2.4	4.4
14	1612184	111920 (6.9)	21510 (1.3)	11545 (0.7)	29353 (1.8)	75352 (4.7)	111920	21510	11545	29353	75352	6.9	1.3	0.7	1.8	4.7
17	270128	22693 (8.4)	3959 (1.5)	2189 (0.8)	6048 (2.2)	16784 (6.2)	22693	3959	2189	6048	16784	8.4	1.5	0.8	2.2	6.2
18	284574	20344 (7.1)	3563 (1.3)	2039 (0.7)	5243 (1.8)	14831 (5.2)	20344	3563	2039	5243	14831	7.1	1.3	0.7	1.8	5.2
19	258458	21114 (8.2)	3596 (1.4)	2244 (0.9)	5446 (2.1)	14240 (5.5)	21114	3596	2244	5446	14240	8.2	1.4	0.9	2.1	5.5
20	274870	24205 (8.8)	3533 (1.3)	2133 (0.8)	6512 (2.4)	16283 (5.9)	24205	3533	2133	6512	16283	8.8	1.3	0.8	2.4	5.9
21	275551	23572 (8.6)	3861 (1.4)	2299 (0.8)	6353 (2.3)	16031 (5.8)	23572	3861	2299	6353	16031	8.6	1.4	0.8	2.3	5.8
22	238772	19492 (8.2)	3159 (1.3)	1694 (0.7)	4764 (2)	14545 (6.1)	19492	3159	1694	4764	14545	8.2	1.3	0.7	2	6.1
23	124686	8892 (7.1)	1717 (1.4)	1019 (0.8)	2485 (2)	7154 (5.7)	8892	1717	1019	2485	7154	7.1	1.4	0.8	2	5.7
24	258371	19337 (7.5)	3098 (1.2)	1708 (0.7)	5819 (2.3)	12675 (4.9)	19337	3098	1708	5819	12675	7.5	1.2	0.7	2.3	4.9
25	245340	20789 (8.5)	2790 (1.1)	2115 (0.9)	6407 (2.6)	13905 (5.7)	20789	2790	2115	6407	13905	8.5	1.1	0.9	2.6	5.7
