ageband	n	cvd_events_str	cancer_events_str	copd_events_str	asthma_events_str	diabetes_events_str	cvd_events	cancer_events	copd_events	asthma_events	diabetes_events	cvd_prop	cancer_prop	copd_prop	asthma_prop	diabetes_prop
0	1041469	8990 (0.9)	841 (0.1)	1010 (0.1)	107982 (10.4)	1919 (0.2)	8990	841	1010	107982	1919	0.9	0.1	0.1	10.4	0.2
10	1046237	17554 (1.7)	883 (0.1)	616 (0.1)	87777 (8.4)	7505 (0.7)	17554	883	616	87777	7505	1.7	0.1	0.1	8.4	0.7
20	1306883	39441 (3)	2435 (0.2)	686 (0.1)	51010 (3.9)	14963 (1.1)	39441	2435	686	51010	14963	3	0.2	0.1	3.9	1.1
30	1203053	57378 (4.8)	6542 (0.5)	843 (0.1)	27840 (2.3)	24271 (2)	57378	6542	843	27840	24271	4.8	0.5	0.1	2.3	2
40	1302755	100270 (7.7)	16098 (1.2)	2812 (0.2)	31637 (2.4)	41606 (3.2)	100270	16098	2812	31637	41606	7.7	1.2	0.2	2.4	3.2
50	1220303	155905 (12.8)	34273 (2.8)	10502 (0.9)	32206 (2.6)	75567 (6.2)	155905	34273	10502	32206	75567	12.8	2.8	0.9	2.6	6.2
60	1146021	261615 (22.8)	76699 (6.7)	28625 (2.5)	33229 (2.9)	128620 (11.2)	261615	76699	28625	33229	128620	22.8	6.7	2.5	2.9	11.2
70	856218	317353 (37.1)	98201 (11.5)	41656 (4.9)	31005 (3.6)	136990 (16)	317353	98201	41656	31005	136990	37.1	11.5	4.9	3.6	16
80	501489	275239 (54.9)	63416 (12.6)	28938 (5.8)	21868 (4.4)	81894 (16.3)	275239	63416	28938	21868	81894	54.9	12.6	5.8	4.4	16.3
