county	ageband	n	cvd_events_str	cancer_events_str	copd_events_str	asthma_events_str	diabetes_events_str	cvd_events	cancer_events	copd_events	asthma_events	diabetes_events	cvd_prop	cancer_prop	copd_prop	asthma_prop	diabetes_prop
01	0	257368	1917 (0.7)	138 (0.1)	414 (0.2)	24401 (9.5)	389 (0.2)	1917	138	414	24401	389	0.7	0.1	0.2	9.5	0.2
01	10	238146	2895 (1.2)	112 (0)	265 (0.1)	12746 (5.4)	1422 (0.6)	2895	112	265	12746	1422	1.2	0	0.1	5.4	0.6
01	20	301758	6425 (2.1)	405 (0.1)	121 (0)	6388 (2.1)	2708 (0.9)	6425	405	121	6388	2708	2.1	0.1	0	2.1	0.9
01	30	324475	10511 (3.2)	1083 (0.3)	149 (0)	5859 (1.8)	4433 (1.4)	10511	1083	149	5859	4433	3.2	0.3	0	1.8	1.4
01	40	319742	16133 (5)	2502 (0.8)	451 (0.1)	6450 (2)	7850 (2.5)	16133	2502	451	6450	7850	5	0.8	0.1	2	2.5
01	50	271601	23886 (8.8)	5394 (2)	1888 (0.7)	6181 (2.3)	15250 (5.6)	23886	5394	1888	6181	15250	8.8	2	0.7	2.3	5.6
01	60	218741	36968 (16.9)	11040 (5)	4747 (2.2)	5598 (2.6)	22824 (10.4)	36968	11040	4747	5598	22824	16.9	5	2.2	2.6	10.4
01	70	156684	45151 (28.8)	11912 (7.6)	6924 (4.4)	4679 (3)	22627 (14.4)	45151	11912	6924	4679	22627	28.8	7.6	4.4	3	14.4
01	80	85524	40139 (46.9)	6912 (8.1)	5304 (6.2)	3008 (3.5)	12280 (14.4)	40139	6912	5304	3008	12280	46.9	8.1	6.2	3.5	14.4
03	0	37619	276 (0.7)	12 (0)	16 (0)	2965 (7.9)	76 (0.2)	276	12	16	2965	76	0.7	0	0	7.9	0.2
03	10	37617	414 (1.1)	16 (0)	4 (0)	1371 (3.6)	339 (0.9)	414	16	4	1371	339	1.1	0	0	3.6	0.9
03	20	55691	986 (1.8)	100 (0.2)	14 (0)	1004 (1.8)	616 (1.1)	986	100	14	1004	616	1.8	0.2	0	1.8	1.1
03	30	42875	1196 (2.8)	174 (0.4)	16 (0)	773 (1.8)	752 (1.8)	1196	174	16	773	752	2.8	0.4	0	1.8	1.8
03	40	45498	2083 (4.6)	407 (0.9)	62 (0.1)	866 (1.9)	1294 (2.8)	2083	407	62	866	1294	4.6	0.9	0.1	1.9	2.8
03	50	42280	3375 (8)	815 (1.9)	249 (0.6)	924 (2.2)	2562 (6.1)	3375	815	249	924	2562	8	1.9	0.6	2.2	6.1
03	60	40451	6235 (15.4)	1707 (4.2)	826 (2)	962 (2.4)	4338 (10.7)	6235	1707	826	962	4338	15.4	4.2	2	2.4	10.7
03	70	28724	7715 (26.9)	1962 (6.8)	1227 (4.3)	870 (3)	4382 (15.3)	7715	1962	1227	870	4382	26.9	6.8	4.3	3	15.3
03	80	15570	6836 (43.9)	1107 (7.1)	764 (4.9)	659 (4.2)	2528 (16.2)	6836	1107	764	659	2528	43.9	7.1	4.9	4.2	16.2
04	0	29626	253 (0.9)	14 (0)	23 (0.1)	2276 (7.7)	48 (0.2)	253	14	23	2276	48	0.9	0	0.1	7.7	0.2
04	10	31647	360 (1.1)	11 (0)	12 (0)	1324 (4.2)	214 (0.7)	360	11	12	1324	214	1.1	0	0	4.2	0.7
04	20	33237	682 (2.1)	26 (0.1)	12 (0)	629 (1.9)	417 (1.3)	682	26	12	629	417	2.1	0.1	0	1.9	1.3
04	30	30297	968 (3.2)	97 (0.3)	22 (0.1)	448 (1.5)	558 (1.8)	968	97	22	448	558	3.2	0.3	0.1	1.5	1.8
04	40	36357	1827 (5)	273 (0.8)	86 (0.2)	557 (1.5)	1242 (3.4)	1827	273	86	557	1242	5	0.8	0.2	1.5	3.4
04	50	35708	3064 (8.6)	551 (1.5)	332 (0.9)	740 (2.1)	2414 (6.8)	3064	551	332	740	2414	8.6	1.5	0.9	2.1	6.8
04	60	36434	5944 (16.3)	1403 (3.9)	889 (2.4)	796 (2.2)	4091 (11.2)	5944	1403	889	796	4091	16.3	3.9	2.4	2.2	11.2
04	70	28349	7707 (27.2)	1730 (6.1)	1334 (4.7)	820 (2.9)	4278 (15.1)	7707	1730	1334	820	4278	27.2	6.1	4.7	2.9	15.1
04	80	15565	6815 (43.8)	1032 (6.6)	885 (5.7)	581 (3.7)	2401 (15.4)	6815	1032	885	581	2401	43.8	6.6	5.7	3.7	15.4
05	0	46254	246 (0.5)	21 (0)	11 (0)	3609 (7.8)	87 (0.2)	246	21	11	3609	87	0.5	0	0	7.8	0.2
05	10	47686	433 (0.9)	27 (0.1)	11 (0)	2151 (4.5)	300 (0.6)	433	27	11	2151	300	0.9	0.1	0	4.5	0.6
05	20	63729	1243 (2)	110 (0.2)	23 (0)	1250 (2)	760 (1.2)	1243	110	23	1250	760	2	0.2	0	2	1.2
05	30	51592	1566 (3)	213 (0.4)	18 (0)	813 (1.6)	1023 (2)	1566	213	18	813	1023	3	0.4	0	1.6	2
05	40	57228	2917 (5.1)	521 (0.9)	76 (0.1)	955 (1.7)	1736 (3)	2917	521	76	955	1736	5.1	0.9	0.1	1.7	3
05	50	54206	4807 (8.9)	997 (1.8)	391 (0.7)	1018 (1.9)	3283 (6.1)	4807	997	391	1018	3283	8.9	1.8	0.7	1.9	6.1
05	60	52294	8989 (17.2)	2356 (4.5)	1152 (2.2)	1107 (2.1)	5502 (10.5)	8989	2356	1152	1107	5502	17.2	4.5	2.2	2.1	10.5
05	70	39493	11411 (28.9)	3042 (7.7)	1676 (4.2)	1133 (2.9)	6105 (15.5)	11411	3042	1676	1133	6105	28.9	7.7	4.2	2.9	15.5
05	80	23992	10568 (44)	1963 (8.2)	1129 (4.7)	851 (3.5)	3860 (16.1)	10568	1963	1129	851	3860	44	8.2	4.7	3.5	16.1
06	0	37064	195 (0.5)	19 (0.1)	44 (0.1)	3606 (9.7)	66 (0.2)	195	19	44	3606	66	0.5	0.1	0.1	9.7	0.2
06	10	39202	332 (0.8)	18 (0)	9 (0)	1120 (2.9)	269 (0.7)	332	18	9	1120	269	0.8	0	0	2.9	0.7
06	20	44551	825 (1.9)	74 (0.2)	16 (0)	762 (1.7)	516 (1.2)	825	74	16	762	516	1.9	0.2	0	1.7	1.2
06	30	38982	1223 (3.1)	162 (0.4)	19 (0)	533 (1.4)	782 (2)	1223	162	19	533	782	3.1	0.4	0	1.4	2
06	40	44969	2477 (5.5)	376 (0.8)	72 (0.2)	766 (1.7)	1412 (3.1)	2477	376	72	766	1412	5.5	0.8	0.2	1.7	3.1
06	50	42817	3816 (8.9)	828 (1.9)	318 (0.7)	840 (2)	2670 (6.2)	3816	828	318	840	2670	8.9	1.9	0.7	2	6.2
06	60	41009	6997 (17.1)	1801 (4.4)	936 (2.3)	964 (2.4)	4416 (10.8)	6997	1801	936	964	4416	17.1	4.4	2.3	2.4	10.8
06	70	30933	9284 (30)	2178 (7)	1351 (4.4)	943 (3)	4989 (16.1)	9284	2178	1351	943	4989	30	7	4.4	3	16.1
06	80	19917	9429 (47.3)	1523 (7.6)	1005 (5)	832 (4.2)	3488 (17.5)	9429	1523	1005	832	3488	47.3	7.6	5	4.2	17.5
07	0	20056	111 (0.6)	11 (0.1)	12 (0.1)	2422 (12.1)	33 (0.2)	111	11	12	2422	33	0.6	0.1	0.1	12.1	0.2
07	10	20851	225 (1.1)	7 (0)	9 (0)	1863 (8.9)	156 (0.7)	225	7	9	1863	156	1.1	0	0	8.9	0.7
07	20	25096	481 (1.9)	25 (0.1)	4 (0)	570 (2.3)	325 (1.3)	481	25	4	570	325	1.9	0.1	0	2.3	1.3
07	30	21767	622 (2.9)	70 (0.3)	3 (0)	273 (1.3)	470 (2.2)	622	70	3	273	470	2.9	0.3	0	1.3	2.2
07	40	24043	1193 (5)	186 (0.8)	38 (0.2)	287 (1.2)	666 (2.8)	1193	186	38	287	666	5	0.8	0.2	1.2	2.8
07	50	22751	1884 (8.3)	434 (1.9)	136 (0.6)	299 (1.3)	1290 (5.7)	1884	434	136	299	1290	8.3	1.9	0.6	1.3	5.7
07	60	23156	3785 (16.3)	1073 (4.6)	504 (2.2)	289 (1.2)	2325 (10)	3785	1073	504	289	2325	16.3	4.6	2.2	1.2	10
07	70	17275	4781 (27.7)	1260 (7.3)	771 (4.5)	302 (1.7)	2588 (15)	4781	1260	771	302	2588	27.7	7.3	4.5	1.7	15
07	80	11379	4925 (43.3)	900 (7.9)	598 (5.3)	226 (2)	1776 (15.6)	4925	900	598	226	1776	43.3	7.9	5.3	2	15.6
08	0	22045	180 (0.8)	16 (0.1)	9 (0)	2016 (9.1)	44 (0.2)	180	16	9	2016	44	0.8	0.1	0	9.1	0.2
08	10	24031	269 (1.1)	4 (0)	1 (0)	1093 (4.5)	156 (0.6)	269	4	1	1093	156	1.1	0	0	4.5	0.6
08	20	28573	550 (1.9)	34 (0.1)	10 (0)	483 (1.7)	303 (1.1)	550	34	10	483	303	1.9	0.1	0	1.7	1.1
08	30	23800	740 (3.1)	101 (0.4)	9 (0)	291 (1.2)	394 (1.7)	740	101	9	291	394	3.1	0.4	0	1.2	1.7
08	40	29294	1464 (5)	256 (0.9)	58 (0.2)	410 (1.4)	760 (2.6)	1464	256	58	410	760	5	0.9	0.2	1.4	2.6
08	50	30664	2759 (9)	541 (1.8)	246 (0.8)	494 (1.6)	1840 (6)	2759	541	246	494	1840	9	1.8	0.8	1.6	6
08	60	32677	5624 (17.2)	1473 (4.5)	738 (2.3)	572 (1.8)	3565 (10.9)	5624	1473	738	572	3565	17.2	4.5	2.3	1.8	10.9
08	70	25606	7671 (30)	1770 (6.9)	1122 (4.4)	556 (2.2)	4218 (16.5)	7671	1770	1122	556	4218	30	6.9	4.4	2.2	16.5
08	80	15266	7018 (46)	1107 (7.3)	791 (5.2)	383 (2.5)	2535 (16.6)	7018	1107	791	383	2535	46	7.3	5.2	2.5	16.6
09	0	5251	29 (0.6)	3 (0.1)	5 (0.1)	594 (11.3)	12 (0.2)	29	3	5	594	12	0.6	0.1	0.1	11.3	0.2
09	10	5721	54 (0.9)	2 (0)	2 (0)	364 (6.4)	45 (0.8)	54	2	2	364	45	0.9	0	0	6.4	0.8
09	20	6871	171 (2.5)	10 (0.1)	0 (0)	149 (2.2)	103 (1.5)	171	10	0	149	103	2.5	0.1	0	2.2	1.5
09	30	5476	180 (3.3)	18 (0.3)	6 (0.1)	74 (1.4)	132 (2.4)	180	18	6	74	132	3.3	0.3	0.1	1.4	2.4
09	40	7250	395 (5.4)	70 (1)	13 (0.2)	79 (1.1)	194 (2.7)	395	70	13	79	194	5.4	1	0.2	1.1	2.7
09	50	7961	745 (9.4)	124 (1.6)	50 (0.6)	103 (1.3)	376 (4.7)	745	124	50	103	376	9.4	1.6	0.6	1.3	4.7
09	60	8366	1443 (17.2)	325 (3.9)	173 (2.1)	131 (1.6)	831 (9.9)	1443	325	173	131	831	17.2	3.9	2.1	1.6	9.9
09	70	6288	1814 (28.8)	435 (6.9)	256 (4.1)	114 (1.8)	909 (14.5)	1814	435	256	114	909	28.8	6.9	4.1	1.8	14.5
09	80	3455	1542 (44.6)	274 (7.9)	142 (4.1)	70 (2)	499 (14.4)	1542	274	142	70	499	44.6	7.9	4.1	2	14.4
10	0	15176	81 (0.5)	10 (0.1)	7 (0)	1245 (8.2)	58 (0.4)	81	10	7	1245	58	0.5	0.1	0	8.2	0.4
10	10	16381	168 (1)	11 (0.1)	4 (0)	796 (4.9)	157 (1)	168	11	4	796	157	1	0.1	0	4.9	1
10	20	18602	384 (2.1)	23 (0.1)	9 (0)	394 (2.1)	291 (1.6)	384	23	9	394	291	2.1	0.1	0	2.1	1.6
10	30	16639	575 (3.5)	67 (0.4)	16 (0.1)	247 (1.5)	414 (2.5)	575	67	16	247	414	3.5	0.4	0.1	1.5	2.5
10	40	19941	1102 (5.5)	167 (0.8)	51 (0.3)	323 (1.6)	652 (3.3)	1102	167	51	323	652	5.5	0.8	0.3	1.6	3.3
10	50	19340	1767 (9.1)	363 (1.9)	152 (0.8)	350 (1.8)	1152 (6)	1767	363	152	350	1152	9.1	1.9	0.8	1.8	6
10	60	19965	3430 (17.2)	935 (4.7)	438 (2.2)	417 (2.1)	2141 (10.7)	3430	935	438	417	2141	17.2	4.7	2.2	2.1	10.7
10	70	16453	4677 (28.4)	1192 (7.2)	629 (3.8)	418 (2.5)	2480 (15.1)	4677	1192	629	418	2480	28.4	7.2	3.8	2.5	15.1
10	80	9639	4323 (44.8)	797 (8.3)	442 (4.6)	306 (3.2)	1530 (15.9)	4323	797	442	306	1530	44.8	8.3	4.6	3.2	15.9
12	0	141556	1003 (0.7)	86 (0.1)	105 (0.1)	12339 (8.7)	247 (0.2)	1003	86	105	12339	247	0.7	0.1	0.1	8.7	0.2
12	10	136630	1667 (1.2)	70 (0.1)	35 (0)	7480 (5.5)	955 (0.7)	1667	70	35	7480	955	1.2	0.1	0	5.5	0.7
12	20	174415	3700 (2.1)	229 (0.1)	64 (0)	3466 (2)	2067 (1.2)	3700	229	64	3466	2067	2.1	0.1	0	2	1.2
12	30	164660	5599 (3.4)	610 (0.4)	87 (0.1)	2524 (1.5)	3551 (2.2)	5599	610	87	2524	3551	3.4	0.4	0.1	1.5	2.2
12	40	171851	9490 (5.5)	1528 (0.9)	351 (0.2)	2939 (1.7)	5161 (3)	9490	1528	351	2939	5161	5.5	0.9	0.2	1.7	3
12	50	157164	15525 (9.9)	3083 (2)	1287 (0.8)	2757 (1.8)	10004 (6.4)	15525	3083	1287	2757	10004	9.9	2	0.8	1.8	6.4
12	60	147565	27567 (18.7)	6811 (4.6)	3540 (2.4)	2942 (2)	17160 (11.6)	27567	6811	3540	2942	17160	18.7	4.6	2.4	2	11.6
12	70	112083	35121 (31.3)	8508 (7.6)	5368 (4.8)	2789 (2.5)	18114 (16.2)	35121	8508	5368	2789	18114	31.3	7.6	4.8	2.5	16.2
12	80	66387	31270 (47.1)	5276 (7.9)	3584 (5.4)	1870 (2.8)	10132 (15.3)	31270	5276	3584	1870	10132	47.1	7.9	5.4	2.8	15.3
13	0	33766	239 (0.7)	16 (0)	16 (0)	2744 (8.1)	53 (0.2)	239	16	16	2744	53	0.7	0	0	8.1	0.2
13	10	35312	432 (1.2)	12 (0)	5 (0)	2158 (6.1)	278 (0.8)	432	12	5	2158	278	1.2	0	0	6.1	0.8
13	20	37421	768 (2.1)	38 (0.1)	4 (0)	869 (2.3)	433 (1.2)	768	38	4	869	433	2.1	0.1	0	2.3	1.2
13	30	34016	1138 (3.3)	156 (0.5)	15 (0)	556 (1.6)	553 (1.6)	1138	156	15	556	553	3.3	0.5	0	1.6	1.6
13	40	42196	2032 (4.8)	425 (1)	51 (0.1)	706 (1.7)	968 (2.3)	2032	425	51	706	968	4.8	1	0.1	1.7	2.3
13	50	40052	3456 (8.6)	886 (2.2)	198 (0.5)	680 (1.7)	1885 (4.7)	3456	886	198	680	1885	8.6	2.2	0.5	1.7	4.7
13	60	38614	6606 (17.1)	1968 (5.1)	677 (1.8)	750 (1.9)	3452 (8.9)	6606	1968	677	750	3452	17.1	5.1	1.8	1.9	8.9
13	70	29724	8864 (29.8)	2503 (8.4)	1092 (3.7)	790 (2.7)	4046 (13.6)	8864	2503	1092	790	4046	29.8	8.4	3.7	2.7	13.6
13	80	17475	8055 (46.1)	1661 (9.5)	784 (4.5)	629 (3.6)	2418 (13.8)	8055	1661	784	629	2418	46.1	9.5	4.5	3.6	13.8
14	0	174363	1321 (0.8)	138 (0.1)	92 (0.1)	12546 (7.2)	325 (0.2)	1321	138	92	12546	325	0.8	0.1	0.1	7.2	0.2
14	10	173804	2001 (1.2)	82 (0)	26 (0)	6625 (3.8)	1269 (0.7)	2001	82	26	6625	1269	1.2	0	0	3.8	0.7
14	20	227114	4176 (1.8)	306 (0.1)	72 (0)	3281 (1.4)	2241 (1)	4176	306	72	3281	2241	1.8	0.1	0	1.4	1
14	30	205385	5960 (2.9)	821 (0.4)	98 (0)	2442 (1.2)	3052 (1.5)	5960	821	98	2442	3052	2.9	0.4	0	1.2	1.5
14	40	216672	10516 (4.9)	1958 (0.9)	322 (0.1)	2723 (1.3)	5971 (2.8)	10516	1958	322	2723	5971	4.9	0.9	0.1	1.3	2.8
14	50	204787	17314 (8.5)	3879 (1.9)	1262 (0.6)	2898 (1.4)	11731 (5.7)	17314	3879	1262	2898	11731	8.5	1.9	0.6	1.4	5.7
14	60	188492	30332 (16.1)	8174 (4.3)	3437 (1.8)	3247 (1.7)	20057 (10.6)	30332	8174	3437	3247	20057	16.1	4.3	1.8	1.7	10.6
14	70	137907	38804 (28.1)	9680 (7)	5249 (3.8)	3106 (2.3)	20962 (15.2)	38804	9680	5249	3106	20962	28.1	7	3.8	2.3	15.2
14	80	83660	36850 (44)	6862 (8.2)	3680 (4.4)	2512 (3)	12384 (14.8)	36850	6862	3680	2512	12384	44	8.2	4.4	3	14.8
17	0	25711	151 (0.6)	17 (0.1)	5 (0)	2307 (9)	53 (0.2)	151	17	5	2307	53	0.6	0.1	0	9	0.2
17	10	28202	259 (0.9)	15 (0.1)	1 (0)	1708 (6.1)	185 (0.7)	259	15	1	1708	185	0.9	0.1	0	6.1	0.7
17	20	34737	613 (1.8)	46 (0.1)	8 (0)	657 (1.9)	409 (1.2)	613	46	8	657	409	1.8	0.1	0	1.9	1.2
17	30	28276	795 (2.8)	107 (0.4)	13 (0)	479 (1.7)	579 (2)	795	107	13	479	579	2.8	0.4	0	1.7	2
17	40	34905	1627 (4.7)	293 (0.8)	31 (0.1)	547 (1.6)	1162 (3.3)	1627	293	31	547	1162	4.7	0.8	0.1	1.6	3.3
17	50	36072	3120 (8.6)	639 (1.8)	212 (0.6)	662 (1.8)	2285 (6.3)	3120	639	212	662	2285	8.6	1.8	0.6	1.8	6.3
17	60	36579	6156 (16.8)	1528 (4.2)	673 (1.8)	687 (1.9)	4565 (12.5)	6156	1528	673	687	4565	16.8	4.2	1.8	1.9	12.5
17	70	28020	8212 (29.3)	1860 (6.6)	990 (3.5)	643 (2.3)	5015 (17.9)	8212	1860	990	643	5015	29.3	6.6	3.5	2.3	17.9
17	80	17626	8009 (45.4)	1280 (7.3)	697 (4)	466 (2.6)	3105 (17.6)	8009	1280	697	466	3105	45.4	7.3	4	2.6	17.6
18	0	30190	177 (0.6)	16 (0.1)	6 (0)	2203 (7.3)	48 (0.2)	177	16	6	2203	48	0.6	0.1	0	7.3	0.2
18	10	31488	288 (0.9)	11 (0)	7 (0)	1410 (4.5)	227 (0.7)	288	11	7	1410	227	0.9	0	0	4.5	0.7
18	20	38926	724 (1.9)	49 (0.1)	8 (0)	609 (1.6)	412 (1.1)	724	49	8	609	412	1.9	0.1	0	1.6	1.1
18	30	32700	981 (3)	115 (0.4)	10 (0)	388 (1.2)	625 (1.9)	981	115	10	388	625	3	0.4	0	1.2	1.9
18	40	37379	1943 (5.2)	304 (0.8)	61 (0.2)	549 (1.5)	1160 (3.1)	1943	304	61	549	1160	5.2	0.8	0.2	1.5	3.1
18	50	35295	3054 (8.7)	554 (1.6)	216 (0.6)	552 (1.6)	2254 (6.4)	3054	554	216	552	2254	8.7	1.6	0.6	1.6	6.4
18	60	35638	5973 (16.8)	1342 (3.8)	670 (1.9)	611 (1.7)	3916 (11)	5973	1342	670	611	3916	16.8	3.8	1.9	1.7	11
18	70	27424	7537 (27.5)	1685 (6.1)	872 (3.2)	608 (2.2)	4305 (15.7)	7537	1685	872	608	4305	27.5	6.1	3.2	2.2	15.7
18	80	15534	6589 (42.4)	1098 (7.1)	609 (3.9)	458 (2.9)	2336 (15)	6589	1098	609	458	2336	42.4	7.1	3.9	2.9	15
19	0	26914	246 (0.9)	22 (0.1)	11 (0)	2102 (7.8)	57 (0.2)	246	22	11	2102	57	0.9	0.1	0	7.8	0.2
19	10	28327	299 (1.1)	8 (0)	5 (0)	1390 (4.9)	240 (0.8)	299	8	5	1390	240	1.1	0	0	4.9	0.8
19	20	33453	671 (2)	35 (0.1)	5 (0)	591 (1.8)	392 (1.2)	671	35	5	591	392	2	0.1	0	1.8	1.2
19	30	29465	1002 (3.4)	110 (0.4)	12 (0)	387 (1.3)	569 (1.9)	1002	110	12	387	569	3.4	0.4	0	1.3	1.9
19	40	34302	1736 (5.1)	256 (0.7)	62 (0.2)	522 (1.5)	1144 (3.3)	1736	256	62	522	1144	5.1	0.7	0.2	1.5	3.3
19	50	33375	2987 (8.9)	576 (1.7)	208 (0.6)	535 (1.6)	2196 (6.6)	2987	576	208	535	2196	8.9	1.7	0.6	1.6	6.6
19	60	32287	5669 (17.6)	1342 (4.2)	697 (2.2)	643 (2)	3722 (11.5)	5669	1342	697	643	3722	17.6	4.2	2.2	2	11.5
19	70	25477	7661 (30.1)	1785 (7)	1026 (4)	666 (2.6)	4046 (15.9)	7661	1785	1026	666	4046	30.1	7	4	2.6	15.9
19	80	14858	6696 (45.1)	1174 (7.9)	622 (4.2)	545 (3.7)	2275 (15.3)	6696	1174	622	545	2275	45.1	7.9	4.2	3.7	15.3
20	0	27171	162 (0.6)	12 (0)	10 (0)	2503 (9.2)	51 (0.2)	162	12	10	2503	51	0.6	0	0	9.2	0.2
20	10	29705	259 (0.9)	14 (0)	5 (0)	2404 (8.1)	190 (0.6)	259	14	5	2404	190	0.9	0	0	8.1	0.6
20	20	32842	683 (2.1)	39 (0.1)	6 (0)	800 (2.4)	428 (1.3)	683	39	6	800	428	2.1	0.1	0	2.4	1.3
20	30	28896	945 (3.3)	101 (0.3)	9 (0)	370 (1.3)	661 (2.3)	945	101	9	370	661	3.3	0.3	0	1.3	2.3
20	40	34436	1757 (5.1)	280 (0.8)	55 (0.2)	518 (1.5)	1163 (3.4)	1757	280	55	518	1163	5.1	0.8	0.2	1.5	3.4
20	50	36400	3404 (9.4)	586 (1.6)	181 (0.5)	575 (1.6)	2235 (6.1)	3404	586	181	575	2235	9.4	1.6	0.5	1.6	6.1
20	60	38984	6859 (17.6)	1469 (3.8)	647 (1.7)	689 (1.8)	4376 (11.2)	6859	1469	647	689	4376	17.6	3.8	1.7	1.8	11.2
20	70	29040	8799 (30.3)	1697 (5.8)	1047 (3.6)	721 (2.5)	4792 (16.5)	8799	1697	1047	721	4792	30.3	5.8	3.6	2.5	16.5
20	80	17396	8004 (46)	1180 (6.8)	702 (4)	552 (3.2)	2928 (16.8)	8004	1180	702	552	2928	46	6.8	4	3.2	16.8
21	0	26806	132 (0.5)	14 (0.1)	4 (0)	2429 (9.1)	57 (0.2)	132	14	4	2429	57	0.5	0.1	0	9.1	0.2
21	10	29791	243 (0.8)	14 (0)	8 (0)	1487 (5)	232 (0.8)	243	14	8	1487	232	0.8	0	0	5	0.8
21	20	34042	689 (2)	39 (0.1)	6 (0)	586 (1.7)	444 (1.3)	689	39	6	586	444	2	0.1	0	1.7	1.3
21	30	28416	898 (3.2)	95 (0.3)	7 (0)	408 (1.4)	516 (1.8)	898	95	7	408	516	3.2	0.3	0	1.4	1.8
21	40	36062	1768 (4.9)	270 (0.7)	45 (0.1)	448 (1.2)	1151 (3.2)	1768	270	45	448	1151	4.9	0.7	0.1	1.2	3.2
21	50	36573	3362 (9.2)	586 (1.6)	205 (0.6)	578 (1.6)	2338 (6.4)	3362	586	205	578	2338	9.2	1.6	0.6	1.6	6.4
21	60	38056	6617 (17.4)	1410 (3.7)	657 (1.7)	741 (1.9)	4438 (11.7)	6617	1410	657	741	4438	17.4	3.7	1.7	1.9	11.7
21	70	29101	8656 (29.7)	1920 (6.6)	1048 (3.6)	866 (3)	4691 (16.1)	8656	1920	1048	866	4691	29.7	6.6	3.6	3	16.1
21	80	16704	7616 (45.6)	1180 (7.1)	744 (4.5)	625 (3.7)	2720 (16.3)	7616	1180	744	625	2720	45.6	7.1	4.5	3.7	16.3
22	0	23341	134 (0.6)	7 (0)	10 (0)	1947 (8.3)	56 (0.2)	134	7	10	1947	56	0.6	0	0	8.3	0.2
22	10	25872	255 (1)	10 (0)	2 (0)	1412 (5.5)	201 (0.8)	255	10	2	1412	201	1	0	0	5.5	0.8
22	20	28126	550 (2)	29 (0.1)	10 (0)	485 (1.7)	384 (1.4)	550	29	10	485	384	2	0.1	0	1.7	1.4
22	30	25584	740 (2.9)	91 (0.4)	5 (0)	323 (1.3)	543 (2.1)	740	91	5	323	543	2.9	0.4	0	1.3	2.1
22	40	31346	1408 (4.5)	242 (0.8)	30 (0.1)	396 (1.3)	1057 (3.4)	1408	242	30	396	1057	4.5	0.8	0.1	1.3	3.4
22	50	31343	2761 (8.8)	491 (1.6)	177 (0.6)	488 (1.6)	2058 (6.6)	2761	491	177	488	2058	8.8	1.6	0.6	1.6	6.6
22	60	32820	5539 (16.9)	1263 (3.8)	529 (1.6)	540 (1.6)	4049 (12.3)	5539	1263	529	540	4049	16.9	3.8	1.6	1.6	12.3
22	70	25536	7389 (28.9)	1570 (6.1)	800 (3.1)	569 (2.2)	4231 (16.6)	7389	1570	800	569	4231	28.9	6.1	3.1	2.2	16.6
22	80	14804	6458 (43.6)	909 (6.1)	527 (3.6)	400 (2.7)	2448 (16.5)	6458	909	527	400	2448	43.6	6.1	3.6	2.7	16.5
23	0	12444	67 (0.5)	6 (0)	4 (0)	718 (5.8)	23 (0.2)	67	6	4	718	23	0.5	0	0	5.8	0.2
23	10	13035	139 (1.1)	5 (0)	0 (0)	511 (3.9)	108 (0.8)	139	5	0	511	108	1.1	0	0	3.9	0.8
23	20	15756	260 (1.7)	15 (0.1)	6 (0)	360 (2.3)	153 (1)	260	15	6	360	153	1.7	0.1	0	2.3	1
23	30	13427	346 (2.6)	54 (0.4)	4 (0)	239 (1.8)	222 (1.7)	346	54	4	239	222	2.6	0.4	0	1.8	1.7
23	40	15887	635 (4)	115 (0.7)	23 (0.1)	254 (1.6)	404 (2.5)	635	115	23	254	404	4	0.7	0.1	1.6	2.5
23	50	16409	1221 (7.4)	303 (1.8)	81 (0.5)	287 (1.7)	969 (5.9)	1221	303	81	287	969	7.4	1.8	0.5	1.7	5.9
23	60	17355	2548 (14.7)	715 (4.1)	317 (1.8)	340 (2)	2014 (11.6)	2548	715	317	340	2014	14.7	4.1	1.8	2	11.6
23	70	12653	3295 (26)	863 (6.8)	475 (3.8)	341 (2.7)	2117 (16.7)	3295	863	475	341	2117	26	6.8	3.8	2.7	16.7
23	80	7720	3062 (39.7)	503 (6.5)	350 (4.5)	254 (3.3)	1340 (17.4)	3062	503	350	254	1340	39.7	6.5	4.5	3.3	17.4
24	0	26267	233 (0.9)	14 (0.1)	23 (0.1)	2434 (9.3)	46 (0.2)	233	14	23	2434	46	0.9	0.1	0.1	9.3	0.2
24	10	27265	305 (1.1)	15 (0.1)	5 (0)	1384 (5.1)	224 (0.8)	305	15	5	1384	224	1.1	0.1	0	5.1	0.8
24	20	39437	700 (1.8)	43 (0.1)	15 (0)	852 (2.2)	415 (1.1)	700	43	15	852	415	1.8	0.1	0	2.2	1.1
24	30	30837	740 (2.4)	99 (0.3)	16 (0.1)	485 (1.6)	516 (1.7)	740	99	16	485	516	2.4	0.3	0.1	1.6	1.7
24	40	32146	1431 (4.5)	234 (0.7)	43 (0.1)	591 (1.8)	881 (2.7)	1431	234	43	591	881	4.5	0.7	0.1	1.8	2.7
24	50	31955	2709 (8.5)	572 (1.8)	146 (0.5)	703 (2.2)	1875 (5.9)	2709	572	146	703	1875	8.5	1.8	0.5	2.2	5.9
24	60	32344	5588 (17.3)	1264 (3.9)	494 (1.5)	762 (2.4)	3372 (10.4)	5588	1264	494	762	3372	17.3	3.9	1.5	2.4	10.4
24	70	23829	7176 (30.1)	1547 (6.5)	826 (3.5)	829 (3.5)	3520 (14.8)	7176	1547	826	829	3520	30.1	6.5	3.5	3.5	14.8
24	80	14291	6660 (46.6)	909 (6.4)	561 (3.9)	636 (4.5)	2223 (15.6)	6660	909	561	636	2223	46.6	6.4	3.9	4.5	15.6
25	0	22481	93 (0.4)	7 (0)	7 (0)	2172 (9.7)	44 (0.2)	93	7	7	2172	44	0.4	0	0	9.7	0.2
25	10	25524	227 (0.9)	11 (0)	3 (0)	1749 (6.9)	162 (0.6)	227	11	3	1749	162	0.9	0	0	6.9	0.6
25	20	32506	518 (1.6)	24 (0.1)	16 (0)	791 (2.4)	337 (1)	518	24	16	791	337	1.6	0.1	0	2.4	1
25	30	25488	705 (2.8)	84 (0.3)	9 (0)	397 (1.6)	433 (1.7)	705	84	9	397	433	2.8	0.3	0	1.6	1.7
25	40	31251	1489 (4.8)	196 (0.6)	43 (0.1)	653 (2.1)	891 (2.9)	1489	196	43	653	891	4.8	0.6	0.1	2.1	2.9
25	50	33550	3131 (9.3)	485 (1.4)	219 (0.7)	866 (2.6)	2038 (6.1)	3131	485	219	866	2038	9.3	1.4	0.7	2.6	6.1
25	60	34194	6177 (18.1)	1199 (3.5)	712 (2.1)	1045 (3.1)	3760 (11)	6177	1199	712	1045	3760	18.1	3.5	2.1	3.1	11
25	70	25619	8214 (32.1)	1427 (5.6)	1100 (4.3)	971 (3.8)	4249 (16.6)	8214	1427	1100	971	4249	32.1	5.6	4.3	3.8	16.6
25	80	14727	7018 (47.7)	776 (5.3)	703 (4.8)	716 (4.9)	2553 (17.3)	7018	776	703	716	2553	47.7	5.3	4.8	4.9	17.3
