county	ageband	n	cvd_events_str	cancer_events_str	copd_events_str	asthma_events_str	diabetes_events_str	cvd_events	cancer_events	copd_events	asthma_events	diabetes_events	cvd_prop	cancer_prop	copd_prop	asthma_prop	diabetes_prop
01	0	257368	750 (0.3)	35 (0)	211 (0.1)	10299 (4)	367 (0.1)	750	35	211	10299	367	0.3	0	0.1	4	0.1
01	10	238146	1090 (0.5)	24 (0)	129 (0.1)	4997 (2.1)	1344 (0.6)	1090	24	129	4997	1344	0.5	0	0.1	2.1	0.6
01	20	301758	1992 (0.7)	97 (0)	22 (0)	1730 (0.6)	2332 (0.8)	1992	97	22	1730	2332	0.7	0	0	0.6	0.8
01	30	324475	3109 (1)	259 (0.1)	42 (0)	1816 (0.6)	3357 (1)	3109	259	42	1816	3357	1	0.1	0	0.6	1
01	40	319742	5216 (1.6)	646 (0.2)	151 (0)	2006 (0.6)	6642 (2.1)	5216	646	151	2006	6642	1.6	0.2	0	0.6	2.1
01	50	271601	9370 (3.4)	1361 (0.5)	762 (0.3)	2023 (0.7)	13752 (5.1)	9370	1361	762	2023	13752	3.4	0.5	0.3	0.7	5.1
01	60	218741	16299 (7.5)	2568 (1.2)	2154 (1)	1905 (0.9)	20861 (9.5)	16299	2568	2154	1905	20861	7.5	1.2	1	0.9	9.5
01	70	156684	21971 (14)	2911 (1.9)	3478 (2.2)	1640 (1)	20355 (13)	21971	2911	3478	1640	20355	14	1.9	2.2	1	13
01	80	85524	20179 (23.6)	1787 (2.1)	2769 (3.2)	1081 (1.3)	10356 (12.1)	20179	1787	2769	1081	10356	23.6	2.1	3.2	1.3	12.1
03	0	37619	86 (0.2)	7 (0)	4 (0)	1715 (4.6)	74 (0.2)	86	7	4	1715	74	0.2	0	0	4.6	0.2
03	10	37617	139 (0.4)	5 (0)	1 (0)	729 (1.9)	300 (0.8)	139	5	1	729	300	0.4	0	0	1.9	0.8
03	20	55691	265 (0.5)	37 (0.1)	4 (0)	259 (0.5)	525 (0.9)	265	37	4	259	525	0.5	0.1	0	0.5	0.9
03	30	42875	311 (0.7)	41 (0.1)	7 (0)	249 (0.6)	575 (1.3)	311	41	7	249	575	0.7	0.1	0	0.6	1.3
03	40	45498	709 (1.6)	114 (0.3)	20 (0)	274 (0.6)	1090 (2.4)	709	114	20	274	1090	1.6	0.3	0	0.6	2.4
03	50	42280	1243 (2.9)	208 (0.5)	127 (0.3)	354 (0.8)	2363 (5.6)	1243	208	127	354	2363	2.9	0.5	0.3	0.8	5.6
03	60	40451	2734 (6.8)	465 (1.1)	397 (1)	337 (0.8)	4012 (9.9)	2734	465	397	337	4012	6.8	1.1	1	0.8	9.9
03	70	28724	3625 (12.6)	534 (1.9)	656 (2.3)	311 (1.1)	4075 (14.2)	3625	534	656	311	4075	12.6	1.9	2.3	1.1	14.2
03	80	15570	3144 (20.2)	303 (1.9)	385 (2.5)	231 (1.5)	2173 (14)	3144	303	385	231	2173	20.2	1.9	2.5	1.5	14
04	0	29626	81 (0.3)	3 (0)	5 (0)	941 (3.2)	47 (0.2)	81	3	5	941	47	0.3	0	0	3.2	0.2
04	10	31647	130 (0.4)	2 (0)	2 (0)	494 (1.6)	212 (0.7)	130	2	2	494	212	0.4	0	0	1.6	0.7
04	20	33237	161 (0.5)	11 (0)	5 (0)	117 (0.4)	357 (1.1)	161	11	5	117	357	0.5	0	0	0.4	1.1
04	30	30297	208 (0.7)	27 (0.1)	7 (0)	109 (0.4)	432 (1.4)	208	27	7	109	432	0.7	0.1	0	0.4	1.4
04	40	36357	572 (1.6)	64 (0.2)	36 (0.1)	152 (0.4)	1118 (3.1)	572	64	36	152	1118	1.6	0.2	0.1	0.4	3.1
04	50	35708	1082 (3)	150 (0.4)	140 (0.4)	202 (0.6)	2238 (6.3)	1082	150	140	202	2238	3	0.4	0.4	0.6	6.3
04	60	36434	2311 (6.3)	378 (1)	396 (1.1)	236 (0.6)	3816 (10.5)	2311	378	396	236	3816	6.3	1	1.1	0.6	10.5
04	70	28349	3241 (11.4)	415 (1.5)	658 (2.3)	250 (0.9)	3936 (13.9)	3241	415	658	250	3936	11.4	1.5	2.3	0.9	13.9
04	80	15565	3056 (19.6)	234 (1.5)	443 (2.8)	209 (1.3)	2091 (13.4)	3056	234	443	209	2091	19.6	1.5	2.8	1.3	13.4
05	0	46254	95 (0.2)	5 (0)	4 (0)	1711 (3.7)	86 (0.2)	95	5	4	1711	86	0.2	0	0	3.7	0.2
05	10	47686	165 (0.3)	4 (0)	7 (0)	931 (2)	295 (0.6)	165	4	7	931	295	0.3	0	0	2	0.6
05	20	63729	337 (0.5)	33 (0.1)	10 (0)	374 (0.6)	652 (1)	337	33	10	374	652	0.5	0.1	0	0.6	1
05	30	51592	478 (0.9)	55 (0.1)	10 (0)	292 (0.6)	727 (1.4)	478	55	10	292	727	0.9	0.1	0	0.6	1.4
05	40	57228	954 (1.7)	150 (0.3)	40 (0.1)	360 (0.6)	1522 (2.7)	954	150	40	360	1522	1.7	0.3	0.1	0.6	2.7
05	50	54206	1838 (3.4)	294 (0.5)	180 (0.3)	386 (0.7)	3066 (5.7)	1838	294	180	386	3066	3.4	0.5	0.3	0.7	5.7
05	60	52294	3861 (7.4)	658 (1.3)	596 (1.1)	465 (0.9)	5156 (9.9)	3861	658	596	465	5156	7.4	1.3	1.1	0.9	9.9
05	70	39493	5154 (13.1)	756 (1.9)	882 (2.2)	476 (1.2)	5648 (14.3)	5154	756	882	476	5648	13.1	1.9	2.2	1.2	14.3
05	80	23992	4821 (20.1)	541 (2.3)	581 (2.4)	348 (1.5)	3376 (14.1)	4821	541	581	348	3376	20.1	2.3	2.4	1.5	14.1
06	0	37064	74 (0.2)	6 (0)	8 (0)	2049 (5.5)	65 (0.2)	74	6	8	2049	65	0.2	0	0	5.5	0.2
06	10	39202	130 (0.3)	8 (0)	6 (0)	343 (0.9)	264 (0.7)	130	8	6	343	264	0.3	0	0	0.9	0.7
06	20	44551	267 (0.6)	22 (0)	4 (0)	207 (0.5)	430 (1)	267	22	4	207	430	0.6	0	0	0.5	1
06	30	38982	373 (1)	37 (0.1)	9 (0)	155 (0.4)	566 (1.5)	373	37	9	155	566	1	0.1	0	0.4	1.5
06	40	44969	843 (1.9)	114 (0.3)	26 (0.1)	217 (0.5)	1243 (2.8)	843	114	26	217	1243	1.9	0.3	0.1	0.5	2.8
06	50	42817	1530 (3.6)	217 (0.5)	150 (0.4)	260 (0.6)	2489 (5.8)	1530	217	150	260	2489	3.6	0.5	0.4	0.6	5.8
06	60	41009	3029 (7.4)	513 (1.3)	509 (1.2)	349 (0.9)	4162 (10.1)	3029	513	509	349	4162	7.4	1.3	1.2	0.9	10.1
06	70	30933	4406 (14.2)	558 (1.8)	759 (2.5)	388 (1.3)	4642 (15)	4406	558	759	388	4642	14.2	1.8	2.5	1.3	15
06	80	19917	4647 (23.3)	414 (2.1)	563 (2.8)	363 (1.8)	3068 (15.4)	4647	414	563	363	3068	23.3	2.1	2.8	1.8	15.4
07	0	20056	40 (0.2)	1 (0)	8 (0)	1037 (5.2)	32 (0.2)	40	1	8	1037	32	0.2	0	0	5.2	0.2
07	10	20851	66 (0.3)	4 (0)	3 (0)	662 (3.2)	154 (0.7)	66	4	3	662	154	0.3	0	0	3.2	0.7
07	20	25096	124 (0.5)	13 (0.1)	0 (0)	92 (0.4)	277 (1.1)	124	13	0	92	277	0.5	0.1	0	0.4	1.1
07	30	21767	165 (0.8)	21 (0.1)	0 (0)	97 (0.4)	354 (1.6)	165	21	0	97	354	0.8	0.1	0	0.4	1.6
07	40	24043	350 (1.5)	52 (0.2)	13 (0.1)	99 (0.4)	589 (2.4)	350	52	13	99	589	1.5	0.2	0.1	0.4	2.4
07	50	22751	643 (2.8)	119 (0.5)	62 (0.3)	120 (0.5)	1189 (5.2)	643	119	62	120	1189	2.8	0.5	0.3	0.5	5.2
07	60	23156	1496 (6.5)	288 (1.2)	255 (1.1)	105 (0.5)	2152 (9.3)	1496	288	255	105	2152	6.5	1.2	1.1	0.5	9.3
07	70	17275	2040 (11.8)	313 (1.8)	413 (2.4)	101 (0.6)	2348 (13.6)	2040	313	413	101	2348	11.8	1.8	2.4	0.6	13.6
07	80	11379	2255 (19.8)	246 (2.2)	320 (2.8)	87 (0.8)	1495 (13.1)	2255	246	320	87	1495	19.8	2.2	2.8	0.8	13.1
08	0	22045	56 (0.3)	4 (0)	0 (0)	1004 (4.6)	42 (0.2)	56	4	0	1004	42	0.3	0	0	4.6	0.2
08	10	24031	86 (0.4)	2 (0)	0 (0)	463 (1.9)	155 (0.6)	86	2	0	463	155	0.4	0	0	1.9	0.6
08	20	28573	138 (0.5)	9 (0)	5 (0)	115 (0.4)	264 (0.9)	138	9	5	115	264	0.5	0	0	0.4	0.9
08	30	23800	197 (0.8)	28 (0.1)	2 (0)	63 (0.3)	314 (1.3)	197	28	2	63	314	0.8	0.1	0	0.3	1.3
08	40	29294	458 (1.6)	63 (0.2)	17 (0.1)	142 (0.5)	666 (2.3)	458	63	17	142	666	1.6	0.2	0.1	0.5	2.3
08	50	30664	976 (3.2)	120 (0.4)	108 (0.4)	161 (0.5)	1705 (5.6)	976	120	108	161	1705	3.2	0.4	0.4	0.5	5.6
08	60	32677	2304 (7.1)	373 (1.1)	316 (1)	216 (0.7)	3339 (10.2)	2304	373	316	216	3339	7.1	1.1	1	0.7	10.2
08	70	25606	3344 (13.1)	426 (1.7)	602 (2.4)	197 (0.8)	3828 (14.9)	3344	426	602	197	3828	13.1	1.7	2.4	0.8	14.9
08	80	15266	3276 (21.5)	259 (1.7)	403 (2.6)	155 (1)	2125 (13.9)	3276	259	403	155	2125	21.5	1.7	2.6	1	13.9
09	0	5251	11 (0.2)	0 (0)	1 (0)	261 (5)	12 (0.2)	11	0	1	261	12	0.2	0	0	5	0.2
09	10	5721	20 (0.3)	1 (0)	1 (0)	177 (3.1)	44 (0.8)	20	1	1	177	44	0.3	0	0	3.1	0.8
09	20	6871	56 (0.8)	1 (0)	0 (0)	37 (0.5)	88 (1.3)	56	1	0	37	88	0.8	0	0	0.5	1.3
09	30	5476	54 (1)	5 (0.1)	1 (0)	22 (0.4)	97 (1.8)	54	5	1	22	97	1	0.1	0	0.4	1.8
09	40	7250	130 (1.8)	18 (0.2)	5 (0.1)	22 (0.3)	164 (2.3)	130	18	5	22	164	1.8	0.2	0.1	0.3	2.3
09	50	7961	277 (3.5)	35 (0.4)	24 (0.3)	36 (0.5)	354 (4.4)	277	35	24	36	354	3.5	0.4	0.3	0.5	4.4
09	60	8366	573 (6.8)	95 (1.1)	95 (1.1)	44 (0.5)	792 (9.5)	573	95	95	44	792	6.8	1.1	1.1	0.5	9.5
09	70	6288	848 (13.5)	121 (1.9)	137 (2.2)	33 (0.5)	856 (13.6)	848	121	137	33	856	13.5	1.9	2.2	0.5	13.6
09	80	3455	726 (21)	80 (2.3)	74 (2.1)	18 (0.5)	453 (13.1)	726	80	74	18	453	21	2.3	2.1	0.5	13.1
10	0	15176	24 (0.2)	1 (0)	2 (0)	467 (3.1)	32 (0.2)	24	1	2	467	32	0.2	0	0	3.1	0.2
10	10	16381	57 (0.3)	0 (0)	3 (0)	297 (1.8)	124 (0.8)	57	0	3	297	124	0.3	0	0	1.8	0.8
10	20	18602	88 (0.5)	6 (0)	1 (0)	110 (0.6)	197 (1.1)	88	6	1	110	197	0.5	0	0	0.6	1.1
10	30	16639	162 (1)	18 (0.1)	2 (0)	71 (0.4)	257 (1.5)	162	18	2	71	257	1	0.1	0	0.4	1.5
10	40	19941	275 (1.4)	38 (0.2)	18 (0.1)	123 (0.6)	517 (2.6)	275	38	18	123	517	1.4	0.2	0.1	0.6	2.6
10	50	19340	610 (3.2)	96 (0.5)	69 (0.4)	130 (0.7)	986 (5.1)	610	96	69	130	986	3.2	0.5	0.4	0.7	5.1
10	60	19965	1370 (6.9)	264 (1.3)	214 (1.1)	138 (0.7)	1957 (9.8)	1370	264	214	138	1957	6.9	1.3	1.1	0.7	9.8
10	70	16453	2056 (12.5)	308 (1.9)	356 (2.2)	150 (0.9)	2248 (13.7)	2056	308	356	150	2248	12.5	1.9	2.2	0.9	13.7
10	80	9639	1923 (20)	221 (2.3)	230 (2.4)	117 (1.2)	1283 (13.3)	1923	221	230	117	1283	20	2.3	2.4	1.2	13.3
12	0	141556	322 (0.2)	25 (0)	20 (0)	4487 (3.2)	231 (0.2)	322	25	20	4487	231	0.2	0	0	3.2	0.2
12	10	136630	575 (0.4)	18 (0)	10 (0)	2599 (1.9)	891 (0.7)	575	18	10	2599	891	0.4	0	0	1.9	0.7
12	20	174415	1079 (0.6)	59 (0)	22 (0)	759 (0.4)	1577 (0.9)	1079	59	22	759	1577	0.6	0	0	0.4	0.9
12	30	164660	1430 (0.9)	165 (0.1)	34 (0)	691 (0.4)	2234 (1.4)	1430	165	34	691	2234	0.9	0.1	0	0.4	1.4
12	40	171851	2860 (1.7)	404 (0.2)	140 (0.1)	995 (0.6)	4224 (2.5)	2860	404	140	995	4224	1.7	0.2	0.1	0.6	2.5
12	50	157164	5686 (3.6)	850 (0.5)	591 (0.4)	910 (0.6)	9030 (5.7)	5686	850	591	910	9030	3.6	0.5	0.4	0.6	5.7
12	60	147565	11597 (7.9)	1921 (1.3)	1673 (1.1)	1041 (0.7)	15867 (10.8)	11597	1921	1673	1041	15867	7.9	1.3	1.1	0.7	10.8
12	70	112083	16185 (14.4)	2292 (2)	2721 (2.4)	975 (0.9)	16411 (14.6)	16185	2292	2721	975	16411	14.4	2	2.4	0.9	14.6
12	80	66387	14405 (21.7)	1451 (2.2)	1784 (2.7)	615 (0.9)	8556 (12.9)	14405	1451	1784	615	8556	21.7	2.2	2.7	0.9	12.9
13	0	33766	83 (0.2)	2 (0)	1 (0)	1506 (4.5)	52 (0.2)	83	2	1	1506	52	0.2	0	0	4.5	0.2
13	10	35312	145 (0.4)	5 (0)	2 (0)	1097 (3.1)	259 (0.7)	145	5	2	1097	259	0.4	0	0	3.1	0.7
13	20	37421	185 (0.5)	10 (0)	2 (0)	179 (0.5)	352 (0.9)	185	10	2	179	352	0.5	0	0	0.5	0.9
13	30	34016	261 (0.8)	44 (0.1)	7 (0)	148 (0.4)	423 (1.2)	261	44	7	148	423	0.8	0.1	0	0.4	1.2
13	40	42196	558 (1.3)	108 (0.3)	24 (0.1)	215 (0.5)	849 (2)	558	108	24	215	849	1.3	0.3	0.1	0.5	2
13	50	40052	1090 (2.7)	207 (0.5)	76 (0.2)	197 (0.5)	1763 (4.4)	1090	207	76	197	1763	2.7	0.5	0.2	0.5	4.4
13	60	38614	2409 (6.2)	507 (1.3)	279 (0.7)	190 (0.5)	3261 (8.4)	2409	507	279	190	3261	6.2	1.3	0.7	0.5	8.4
13	70	29724	3747 (12.6)	582 (2)	525 (1.8)	229 (0.8)	3770 (12.7)	3747	582	525	229	3770	12.6	2	1.8	0.8	12.7
13	80	17475	3572 (20.4)	453 (2.6)	407 (2.3)	200 (1.1)	2131 (12.2)	3572	453	407	200	2131	20.4	2.6	2.3	1.1	12.2
14	0	174363	432 (0.2)	28 (0)	17 (0)	5613 (3.2)	312 (0.2)	432	28	17	5613	312	0.2	0	0	3.2	0.2
14	10	173804	613 (0.4)	16 (0)	9 (0)	2649 (1.5)	1204 (0.7)	613	16	9	2649	1204	0.4	0	0	1.5	0.7
14	20	227114	1096 (0.5)	81 (0)	14 (0)	751 (0.3)	1949 (0.9)	1096	81	14	751	1949	0.5	0	0	0.3	0.9
14	30	205385	1608 (0.8)	218 (0.1)	31 (0)	685 (0.3)	2361 (1.1)	1608	218	31	685	2361	0.8	0.1	0	0.3	1.1
14	40	216672	3288 (1.5)	492 (0.2)	118 (0.1)	869 (0.4)	5233 (2.4)	3288	492	118	869	5233	1.5	0.2	0.1	0.4	2.4
14	50	204787	6360 (3.1)	1023 (0.5)	500 (0.2)	988 (0.5)	10749 (5.2)	6360	1023	500	988	10749	3.1	0.5	0.2	0.5	5.2
14	60	188492	12460 (6.6)	2247 (1.2)	1576 (0.8)	1182 (0.6)	18743 (9.9)	12460	2247	1576	1182	18743	6.6	1.2	0.8	0.6	9.9
14	70	137907	17402 (12.6)	2539 (1.8)	2613 (1.9)	1096 (0.8)	19427 (14.1)	17402	2539	2613	1096	19427	12.6	1.8	1.9	0.8	14.1
14	80	83660	17033 (20.4)	1784 (2.1)	1857 (2.2)	1011 (1.2)	10767 (12.9)	17033	1784	1857	1011	10767	20.4	2.1	2.2	1.2	12.9
17	0	25711	74 (0.3)	1 (0)	1 (0)	1017 (4)	53 (0.2)	74	1	1	1017	53	0.3	0	0	4	0.2
17	10	28202	100 (0.4)	5 (0)	1 (0)	565 (2)	182 (0.6)	100	5	1	565	182	0.4	0	0	2	0.6
17	20	34737	171 (0.5)	10 (0)	1 (0)	174 (0.5)	345 (1)	171	10	1	174	345	0.5	0	0	0.5	1
17	30	28276	215 (0.8)	41 (0.1)	3 (0)	136 (0.5)	424 (1.5)	215	41	3	136	424	0.8	0.1	0	0.5	1.5
17	40	34905	530 (1.5)	94 (0.3)	14 (0)	215 (0.6)	1011 (2.9)	530	94	14	215	1011	1.5	0.3	0	0.6	2.9
17	50	36072	1181 (3.3)	190 (0.5)	102 (0.3)	227 (0.6)	2134 (5.9)	1181	190	102	227	2134	3.3	0.5	0.3	0.6	5.9
17	60	36579	2563 (7)	438 (1.2)	310 (0.8)	232 (0.6)	4271 (11.7)	2563	438	310	232	4271	7	1.2	0.8	0.6	11.7
17	70	28020	3694 (13.2)	526 (1.9)	477 (1.7)	218 (0.8)	4644 (16.6)	3694	526	477	218	4644	13.2	1.9	1.7	0.8	16.6
17	80	17626	3631 (20.6)	350 (2)	334 (1.9)	153 (0.9)	2651 (15)	3631	350	334	153	2651	20.6	2	1.9	0.9	15
18	0	30190	72 (0.2)	3 (0)	3 (0)	1013 (3.4)	48 (0.2)	72	3	3	1013	48	0.2	0	0	3.4	0.2
18	10	31488	99 (0.3)	4 (0)	1 (0)	454 (1.4)	223 (0.7)	99	4	1	454	223	0.3	0	0	1.4	0.7
18	20	38926	186 (0.5)	12 (0)	2 (0)	97 (0.2)	368 (0.9)	186	12	2	97	368	0.5	0	0	0.2	0.9
18	30	32700	244 (0.7)	36 (0.1)	5 (0)	94 (0.3)	505 (1.5)	244	36	5	94	505	0.7	0.1	0	0.3	1.5
18	40	37379	567 (1.5)	90 (0.2)	23 (0.1)	127 (0.3)	1038 (2.8)	567	90	23	127	1038	1.5	0.2	0.1	0.3	2.8
18	50	35295	1104 (3.1)	142 (0.4)	97 (0.3)	158 (0.4)	2091 (5.9)	1104	142	97	158	2091	3.1	0.4	0.3	0.4	5.9
18	60	35638	2332 (6.5)	449 (1.3)	318 (0.9)	199 (0.6)	3686 (10.3)	2332	449	318	199	3686	6.5	1.3	0.9	0.6	10.3
18	70	27424	3186 (11.6)	512 (1.9)	446 (1.6)	204 (0.7)	4013 (14.6)	3186	512	446	204	4013	11.6	1.9	1.6	0.7	14.6
18	80	15534	2893 (18.6)	320 (2.1)	307 (2)	161 (1)	2004 (12.9)	2893	320	307	161	2004	18.6	2.1	2	1	12.9
19	0	26914	55 (0.2)	3 (0)	7 (0)	996 (3.7)	55 (0.2)	55	3	7	996	55	0.2	0	0	3.7	0.2
19	10	28327	84 (0.3)	4 (0)	2 (0)	513 (1.8)	224 (0.8)	84	4	2	513	224	0.3	0	0	1.8	0.8
19	20	33453	173 (0.5)	8 (0)	2 (0)	88 (0.3)	332 (1)	173	8	2	88	332	0.5	0	0	0.3	1
19	30	29465	254 (0.9)	30 (0.1)	3 (0)	102 (0.3)	442 (1.5)	254	30	3	102	442	0.9	0.1	0	0.3	1.5
19	40	34302	575 (1.7)	63 (0.2)	27 (0.1)	175 (0.5)	1016 (3)	575	63	27	175	1016	1.7	0.2	0.1	0.5	3
19	50	33375	1161 (3.5)	142 (0.4)	104 (0.3)	158 (0.5)	2030 (6.1)	1161	142	104	158	2030	3.5	0.4	0.3	0.5	6.1
19	60	32287	2596 (8)	369 (1.1)	339 (1)	228 (0.7)	3483 (10.8)	2596	369	339	228	3483	8	1.1	1	0.7	10.8
19	70	25477	3677 (14.4)	480 (1.9)	540 (2.1)	233 (0.9)	3771 (14.8)	3677	480	540	233	3771	14.4	1.9	2.1	0.9	14.8
19	80	14858	3304 (22.2)	329 (2.2)	314 (2.1)	199 (1.3)	2014 (13.6)	3304	329	314	199	2014	22.2	2.2	2.1	1.3	13.6
20	0	27171	56 (0.2)	2 (0)	2 (0)	1168 (4.3)	49 (0.2)	56	2	2	1168	49	0.2	0	0	4.3	0.2
20	10	29705	97 (0.3)	2 (0)	0 (0)	985 (3.3)	179 (0.6)	97	2	0	985	179	0.3	0	0	3.3	0.6
20	20	32842	185 (0.6)	10 (0)	0 (0)	132 (0.4)	345 (1.1)	185	10	0	132	345	0.6	0	0	0.4	1.1
20	30	28896	269 (0.9)	28 (0.1)	2 (0)	105 (0.4)	495 (1.7)	269	28	2	105	495	0.9	0.1	0	0.4	1.7
20	40	34436	596 (1.7)	54 (0.2)	32 (0.1)	146 (0.4)	1004 (2.9)	596	54	32	146	1004	1.7	0.2	0.1	0.4	2.9
20	50	36400	1392 (3.8)	141 (0.4)	83 (0.2)	175 (0.5)	2045 (5.6)	1392	141	83	175	2045	3.8	0.4	0.2	0.5	5.6
20	60	38984	3164 (8.1)	374 (1)	297 (0.8)	221 (0.6)	4133 (10.6)	3164	374	297	221	4133	8.1	1	0.8	0.6	10.6
20	70	29040	4422 (15.2)	442 (1.5)	540 (1.9)	226 (0.8)	4443 (15.3)	4422	442	540	226	4443	15.2	1.5	1.9	0.8	15.3
20	80	17396	3880 (22.3)	313 (1.8)	347 (2)	196 (1.1)	2598 (14.9)	3880	313	347	196	2598	22.3	1.8	2	1.1	14.9
21	0	26806	34 (0.1)	3 (0)	2 (0)	1268 (4.7)	54 (0.2)	34	3	2	1268	54	0.1	0	0	4.7	0.2
21	10	29791	93 (0.3)	3 (0)	4 (0)	742 (2.5)	222 (0.7)	93	3	4	742	222	0.3	0	0	2.5	0.7
21	20	34042	227 (0.7)	12 (0)	1 (0)	152 (0.4)	370 (1.1)	227	12	1	152	370	0.7	0	0	0.4	1.1
21	30	28416	303 (1.1)	27 (0.1)	3 (0)	133 (0.5)	394 (1.4)	303	27	3	133	394	1.1	0.1	0	0.5	1.4
21	40	36062	663 (1.8)	86 (0.2)	22 (0.1)	126 (0.3)	1011 (2.8)	663	86	22	126	1011	1.8	0.2	0.1	0.3	2.8
21	50	36573	1442 (3.9)	176 (0.5)	87 (0.2)	198 (0.5)	2143 (5.9)	1442	176	87	198	2143	3.9	0.5	0.2	0.5	5.9
21	60	38056	3044 (8)	413 (1.1)	335 (0.9)	271 (0.7)	4152 (10.9)	3044	413	335	271	4152	8	1.1	0.9	0.7	10.9
21	70	29101	4343 (14.9)	573 (2)	550 (1.9)	349 (1.2)	4331 (14.9)	4343	573	550	349	4331	14.9	2	1.9	1.2	14.9
21	80	16704	3896 (23.3)	324 (1.9)	409 (2.4)	269 (1.6)	2347 (14.1)	3896	324	409	269	2347	23.3	1.9	2.4	1.6	14.1
22	0	23341	50 (0.2)	2 (0)	3 (0)	1032 (4.4)	56 (0.2)	50	2	3	1032	56	0.2	0	0	4.4	0.2
22	10	25872	91 (0.4)	0 (0)	1 (0)	693 (2.7)	197 (0.8)	91	0	1	693	197	0.4	0	0	2.7	0.8
22	20	28126	159 (0.6)	9 (0)	5 (0)	79 (0.3)	294 (1)	159	9	5	79	294	0.6	0	0	0.3	1
22	30	25584	226 (0.9)	24 (0.1)	1 (0)	81 (0.3)	397 (1.6)	226	24	1	81	397	0.9	0.1	0	0.3	1.6
22	40	31346	463 (1.5)	60 (0.2)	9 (0)	108 (0.3)	921 (2.9)	463	60	9	108	921	1.5	0.2	0	0.3	2.9
22	50	31343	1088 (3.5)	141 (0.4)	68 (0.2)	143 (0.5)	1939 (6.2)	1088	141	68	143	1939	3.5	0.4	0.2	0.5	6.2
22	60	32820	2344 (7.1)	343 (1)	263 (0.8)	172 (0.5)	3834 (11.7)	2344	343	263	172	3834	7.1	1	0.8	0.5	11.7
22	70	25536	3372 (13.2)	426 (1.7)	412 (1.6)	182 (0.7)	3964 (15.5)	3372	426	412	182	3964	13.2	1.7	1.6	0.7	15.5
22	80	14804	2825 (19.1)	206 (1.4)	265 (1.8)	110 (0.7)	2179 (14.7)	2825	206	265	110	2179	19.1	1.4	1.8	0.7	14.7
23	0	12444	27 (0.2)	1 (0)	3 (0)	337 (2.7)	20 (0.2)	27	1	3	337	20	0.2	0	0	2.7	0.2
23	10	13035	41 (0.3)	1 (0)	0 (0)	222 (1.7)	108 (0.8)	41	1	0	222	108	0.3	0	0	1.7	0.8
23	20	15756	71 (0.5)	3 (0)	3 (0)	116 (0.7)	137 (0.9)	71	3	3	116	137	0.5	0	0	0.7	0.9
23	30	13427	90 (0.7)	11 (0.1)	0 (0)	86 (0.6)	174 (1.3)	90	11	0	86	174	0.7	0.1	0	0.6	1.3
23	40	15887	196 (1.2)	34 (0.2)	10 (0.1)	84 (0.5)	346 (2.2)	196	34	10	84	346	1.2	0.2	0.1	0.5	2.2
23	50	16409	438 (2.7)	80 (0.5)	31 (0.2)	101 (0.6)	908 (5.5)	438	80	31	101	908	2.7	0.5	0.2	0.6	5.5
23	60	17355	985 (5.7)	172 (1)	125 (0.7)	120 (0.7)	1880 (10.8)	985	172	125	120	1880	5.7	1	0.7	0.7	10.8
23	70	12653	1316 (10.4)	190 (1.5)	236 (1.9)	108 (0.9)	1968 (15.6)	1316	190	236	108	1968	10.4	1.5	1.9	0.9	15.6
23	80	7720	1226 (15.9)	103 (1.3)	168 (2.2)	77 (1)	1180 (15.3)	1226	103	168	77	1180	15.9	1.3	2.2	1	15.3
24	0	26267	89 (0.3)	3 (0)	2 (0)	1009 (3.8)	43 (0.2)	89	3	2	1009	43	0.3	0	0	3.8	0.2
24	10	27265	106 (0.4)	2 (0)	2 (0)	476 (1.7)	219 (0.8)	106	2	2	476	219	0.4	0	0	1.7	0.8
24	20	39437	169 (0.4)	12 (0)	5 (0)	163 (0.4)	361 (0.9)	169	12	5	163	361	0.4	0	0	0.4	0.9
24	30	30837	166 (0.5)	32 (0.1)	7 (0)	130 (0.4)	423 (1.4)	166	32	7	130	423	0.5	0.1	0	0.4	1.4
24	40	32146	427 (1.3)	56 (0.2)	17 (0.1)	165 (0.5)	784 (2.4)	427	56	17	165	784	1.3	0.2	0.1	0.5	2.4
24	50	31955	990 (3.1)	143 (0.4)	58 (0.2)	216 (0.7)	1721 (5.4)	990	143	58	216	1721	3.1	0.4	0.2	0.7	5.4
24	60	32344	2219 (6.9)	343 (1.1)	223 (0.7)	241 (0.7)	3154 (9.8)	2219	343	223	241	3154	6.9	1.1	0.7	0.7	9.8
24	70	23829	3106 (13)	416 (1.7)	395 (1.7)	269 (1.1)	3285 (13.8)	3106	416	395	269	3285	13	1.7	1.7	1.1	13.8
24	80	14291	2906 (20.3)	219 (1.5)	248 (1.7)	191 (1.3)	1954 (13.7)	2906	219	248	191	1954	20.3	1.5	1.7	1.3	13.7
25	0	22481	42 (0.2)	0 (0)	2 (0)	1188 (5.3)	44 (0.2)	42	0	2	1188	44	0.2	0	0	5.3	0.2
25	10	25524	79 (0.3)	2 (0)	1 (0)	678 (2.7)	152 (0.6)	79	2	1	678	152	0.3	0	0	2.7	0.6
25	20	32506	147 (0.5)	3 (0)	5 (0)	127 (0.4)	299 (0.9)	147	3	5	127	299	0.5	0	0	0.4	0.9
25	30	25488	194 (0.8)	26 (0.1)	2 (0)	104 (0.4)	313 (1.2)	194	26	2	104	313	0.8	0.1	0	0.4	1.2
25	40	31251	465 (1.5)	48 (0.2)	17 (0.1)	158 (0.5)	765 (2.4)	465	48	17	158	765	1.5	0.2	0.1	0.5	2.4
25	50	33550	1231 (3.7)	123 (0.4)	84 (0.3)	244 (0.7)	1881 (5.6)	1231	123	84	244	1881	3.7	0.4	0.3	0.7	5.6
25	60	34194	2547 (7.4)	342 (1)	314 (0.9)	288 (0.8)	3473 (10.2)	2547	342	314	288	3473	7.4	1	0.9	0.8	10.2
25	70	25619	3848 (15)	382 (1.5)	539 (2.1)	306 (1.2)	3859 (15.1)	3848	382	539	306	3859	15	1.5	2.1	1.2	15.1
25	80	14727	3377 (22.9)	194 (1.3)	338 (2.3)	270 (1.8)	2150 (14.6)	3377	194	338	270	2150	22.9	1.3	2.3	1.8	14.6
