ageband	n	cvd_events_str	cancer_events_str	copd_events_str	asthma_events_str	diabetes_events_str	cvd_events	cancer_events	copd_events	asthma_events	diabetes_events	cvd_prop	cancer_prop	copd_prop	asthma_prop	diabetes_prop
0	1041469	2553 (0.2)	135 (0)	306 (0)	40118 (3.9)	1774 (0.2)	2553	135	306	40118	1774	0.2	0	0	3.9	0.2
10	1046237	4006 (0.4)	112 (0)	185 (0)	20766 (2)	6952 (0.7)	4006	112	185	20766	6952	0.4	0	0	2	0.7
20	1306883	7276 (0.6)	458 (0)	113 (0)	5858 (0.4)	11851 (0.9)	7276	458	113	5858	11851	0.6	0	0	0.4	0.9
30	1203053	10317 (0.9)	1173 (0.1)	178 (0)	5369 (0.4)	15264 (1.3)	10317	1173	178	5369	15264	0.9	0.1	0	0.4	1.3
40	1302755	20695 (1.6)	2848 (0.2)	779 (0.1)	6778 (0.5)	31753 (2.4)	20695	2848	779	6778	31753	1.6	0.2	0.1	0.5	2.4
50	1220303	40732 (3.3)	5958 (0.5)	3503 (0.3)	7387 (0.6)	66576 (5.5)	40732	5958	3503	7387	66576	3.3	0.5	0.3	0.6	5.5
60	1146021	82237 (7.2)	13520 (1.2)	10984 (1)	8180 (0.7)	116184 (10.1)	82237	13520	10984	8180	116184	7.2	1.2	1	0.7	10.1
70	856218	114983 (13.4)	15702 (1.8)	17935 (2.1)	7941 (0.9)	121822 (14.2)	114983	15702	17935	7941	121822	13.4	1.8	2.1	0.9	14.2
80	501489	106975 (21.3)	10131 (2)	12546 (2.5)	6061 (1.2)	66951 (13.4)	106975	10131	12546	6061	66951	21.3	2	2.5	1.2	13.4
