ageband	n	cvd_events_str	cancer_events_str	copd_events_str	asthma_events_str	diabetes_events_str	cvd_events	cancer_events	copd_events	asthma_events	diabetes_events	cvd_prop	cancer_prop	copd_prop	asthma_prop	diabetes_prop
0	1041469	5241 (0.5)	416 (0)	652 (0.1)	70549 (6.8)	1817 (0.2)	5241	416	652	70549	1817	0.5	0	0.1	6.8	0.2
10	1046237	8131 (0.8)	298 (0)	330 (0)	39110 (3.7)	7192 (0.7)	8131	298	330	39110	7192	0.8	0	0	3.7	0.7
20	1306883	16689 (1.3)	1205 (0.1)	266 (0)	15132 (1.2)	13264 (1)	16689	1205	266	15132	13264	1.3	0.1	0	1.2	1
30	1203053	23463 (2)	3044 (0.3)	371 (0)	12633 (1.1)	18407 (1.5)	23463	3044	371	12633	18407	2	0.3	0	1.1	1.5
40	1302755	42802 (3.3)	7459 (0.6)	1525 (0.1)	15266 (1.2)	34611 (2.7)	42802	7459	1525	15266	34611	3.3	0.6	0.1	1.2	2.7
50	1220303	77250 (6.3)	15465 (1.3)	6429 (0.5)	16281 (1.3)	70427 (5.8)	77250	15465	6429	16281	70427	6.3	1.3	0.5	1.3	5.8
60	1146021	148688 (13)	34858 (3)	18923 (1.7)	17521 (1.5)	121901 (10.6)	148688	34858	18923	17521	121901	13	3	1.7	1.5	10.6
70	856218	199025 (23.2)	40649 (4.7)	29321 (3.4)	16794 (2)	129137 (15.1)	199025	40649	29321	16794	129137	23.2	4.7	3.4	2	15.1
80	501489	186801 (37.2)	25761 (5.1)	20699 (4.1)	12507 (2.5)	74259 (14.8)	186801	25761	20699	12507	74259	37.2	5.1	4.1	2.5	14.8
