LKF	n	oneevent_str	twoevents_str	threeevents_str	oneevent	twoevents	threeevents	prop_oneevent	prop_twoevents	prop_threeevents
01	2174039	538895 (24.8)	177094 (8.1)	51705 (2.4)	538895	177094	51705	24.8	8.1	2.4
03	346325	87734 (25.3)	30516 (8.8)	8903 (2.6)	87734	30516	8903	25.3	8.8	2.6
04	277220	80895 (29.2)	29432 (10.6)	8528 (3.1)	80895	29432	8528	29.2	10.6	3.1
05	436474	120727 (27.7)	44450 (10.2)	13091 (3)	120727	44450	13091	27.7	10.2	3
06	339444	95013 (28)	36184 (10.7)	11012 (3.2)	95013	36184	11012	28	10.7	3.2
07	186374	54755 (29.4)	19431 (10.4)	5623 (3)	54755	19431	5623	29.4	10.4	3
08	231956	72338 (31.2)	28346 (12.2)	8524 (3.7)	72338	28346	8524	31.2	12.2	3.7
09	56639	17955 (31.7)	6581 (11.6)	1786 (3.2)	17955	6581	1786	31.7	11.6	3.2
10	152136	47593 (31.3)	17904 (11.8)	5145 (3.4)	47593	17904	5145	31.3	11.8	3.4
12	1272311	359175 (28.2)	131539 (10.3)	39420 (3.1)	359175	131539	39420	28.2	10.3	3.1
13	308576	89709 (29.1)	33030 (10.7)	9721 (3.2)	89709	33030	9721	29.1	10.7	3.2
14	1612184	423649 (26.3)	152483 (9.5)	43520 (2.7)	423649	152483	43520	26.3	9.5	2.7
17	270128	81127 (30)	31129 (11.5)	9108 (3.4)	81127	31129	9108	30	11.5	3.4
18	284574	78872 (27.7)	28524 (10)	7895 (2.8)	78872	28524	7895	27.7	10	2.8
19	258458	75572 (29.2)	28215 (10.9)	8235 (3.2)	75572	28215	8235	29.2	10.9	3.2
20	274870	87394 (31.8)	32493 (11.8)	9229 (3.4)	87394	32493	9229	31.8	11.8	3.4
21	275551	83453 (30.3)	31476 (11.4)	9038 (3.3)	83453	31476	9038	30.3	11.4	3.3
22	238772	72630 (30.4)	27252 (11.4)	7545 (3.2)	72630	27252	7545	30.4	11.4	3.2
23	124686	35824 (28.7)	13236 (10.6)	3785 (3)	35824	13236	3785	28.7	10.6	3
24	258371	73201 (28.3)	27081 (10.5)	7862 (3)	73201	27081	7862	28.3	10.5	3
25	245340	76090 (31)	29487 (12)	8984 (3.7)	76090	29487	8984	31	12	3.7
