LKF	n	oneevent_str	twoevents_str	threeevents_str	oneevent	twoevents	threeevents	prop_oneevent	prop_twoevents	prop_threeevents
01	2174039	352718 (16.2)	78994 (3.6)	14796 (0.7)	352718	78994	14796	16.2	3.6	0.7
03	346325	62420 (18)	14013 (4)	2707 (0.8)	62420	14013	2707	18	4	0.8
04	277220	58797 (21.2)	13198 (4.8)	2380 (0.9)	58797	13198	2380	21.2	4.8	0.9
05	436474	86974 (19.9)	20396 (4.7)	3907 (0.9)	86974	20396	3907	19.9	4.7	0.9
06	339444	69633 (20.5)	17470 (5.1)	3678 (1.1)	69633	17470	3678	20.5	5.1	1.1
07	186374	38543 (20.7)	8603 (4.6)	1608 (0.9)	38543	8603	1608	20.7	4.6	0.9
08	231956	53529 (23.1)	12964 (5.6)	2600 (1.1)	53529	12964	2600	23.1	5.6	1.1
09	56639	13023 (23)	3050 (5.4)	511 (0.9)	13023	3050	511	23	5.4	0.9
10	152136	34016 (22.4)	7966 (5.2)	1517 (1)	34016	7966	1517	22.4	5.2	1
12	1272311	246832 (19.4)	59511 (4.7)	11103 (0.9)	246832	59511	11103	19.4	4.7	0.9
13	308576	62532 (20.3)	13978 (4.5)	2497 (0.8)	62532	13978	2497	20.3	4.5	0.8
14	1612184	300300 (18.6)	68489 (4.2)	12306 (0.8)	300300	68489	12306	18.6	4.2	0.8
17	270128	61313 (22.7)	15053 (5.6)	2684 (1)	61313	15053	2684	22.7	5.6	1
18	284574	57565 (20.2)	12871 (4.5)	2213 (0.8)	57565	12871	2213	20.2	4.5	0.8
19	258458	54737 (21.2)	13431 (5.2)	2560 (1)	54737	13431	2560	21.2	5.2	1
20	274870	62866 (22.9)	15699 (5.7)	2937 (1.1)	62866	15699	2937	22.9	5.7	1.1
21	275551	62402 (22.6)	15644 (5.7)	2978 (1.1)	62402	15644	2978	22.6	5.7	1.1
22	238772	54376 (22.8)	12789 (5.4)	2168 (0.9)	54376	12789	2168	22.8	5.4	0.9
23	124686	26788 (21.5)	5990 (4.8)	1017 (0.8)	26788	5990	1017	21.5	4.8	0.8
24	258371	51198 (19.8)	11786 (4.6)	2083 (0.8)	51198	11786	2083	19.8	4.6	0.8
25	245340	54305 (22.1)	13597 (5.5)	2743 (1.1)	54305	13597	2743	22.1	5.5	1.1
