LKF	n	oneevent_str	twoevents_str	threeevents_str	oneevent	twoevents	threeevents	prop_oneevent	prop_twoevents	prop_threeevents
01	2174039	464589 (21.4)	142815 (6.6)	36899 (1.7)	464589	142815	36899	21.4	6.6	1.7
03	346325	77647 (22.4)	24789 (7.2)	6553 (1.9)	77647	24789	6553	22.4	7.2	1.9
04	277220	72257 (26.1)	24208 (8.7)	6441 (2.3)	72257	24208	6441	26.1	8.7	2.3
05	436474	107010 (24.5)	36333 (8.3)	9711 (2.2)	107010	36333	9711	24.5	8.3	2.2
06	339444	85183 (25.1)	30029 (8.8)	8354 (2.5)	85183	30029	8354	25.1	8.8	2.5
07	186374	48445 (26)	15686 (8.4)	4041 (2.2)	48445	15686	4041	26	8.4	2.2
08	231956	64669 (27.9)	23447 (10.1)	6352 (2.7)	64669	23447	6352	27.9	10.1	2.7
09	56639	15941 (28.1)	5364 (9.5)	1294 (2.3)	15941	5364	1294	28.1	9.5	2.3
10	152136	42182 (27.7)	14591 (9.6)	3789 (2.5)	42182	14591	3789	27.7	9.6	2.5
12	1272311	315075 (24.8)	107627 (8.5)	28647 (2.3)	315075	107627	28647	24.8	8.5	2.3
13	308576	78532 (25.4)	26595 (8.6)	6903 (2.2)	78532	26595	6903	25.4	8.6	2.2
14	1612184	372796 (23.1)	123267 (7.6)	31077 (1.9)	372796	123267	31077	23.1	7.6	1.9
17	270128	74260 (27.5)	26227 (9.7)	6917 (2.6)	74260	26227	6917	27.5	9.7	2.6
18	284574	70872 (24.9)	23167 (8.1)	5661 (2)	70872	23167	5661	24.9	8.1	2
19	258458	66960 (25.9)	23110 (8.9)	6089 (2.4)	66960	23110	6089	25.9	8.9	2.4
20	274870	76817 (27.9)	26562 (9.7)	6844 (2.5)	76817	26562	6844	27.9	9.7	2.5
21	275551	74605 (27.1)	26090 (9.5)	6887 (2.5)	74605	26090	6887	27.1	9.5	2.5
22	238772	65020 (27.2)	22388 (9.4)	5592 (2.3)	65020	22388	5592	27.2	9.4	2.3
23	124686	32160 (25.8)	10936 (8.8)	2848 (2.3)	32160	10936	2848	25.8	8.8	2.3
24	258371	63816 (24.7)	21842 (8.5)	5601 (2.2)	63816	21842	5601	24.7	8.5	2.2
25	245340	66993 (27.3)	23852 (9.7)	6652 (2.7)	66993	23852	6652	27.3	9.7	2.7
