LKF	n	oneevent_str	twoevents_str	threeevents_str	oneevent	twoevents	threeevents	prop_oneevent	prop_twoevents	prop_threeevents
01	2174039	416988 (19.2)	119057 (5.5)	28162 (1.3)	416988	119057	28162	19.2	5.5	1.3
03	346325	71281 (20.6)	20674 (6)	5046 (1.5)	71281	20674	5046	20.6	6	1.5
04	277220	66330 (23.9)	19968 (7.2)	4786 (1.7)	66330	19968	4786	23.9	7.2	1.7
05	436474	98359 (22.5)	30431 (7)	7480 (1.7)	98359	30431	7480	22.5	7	1.7
06	339444	78639 (23.2)	25567 (7.5)	6634 (2)	78639	25567	6634	23.2	7.5	2
07	186374	43911 (23.6)	12985 (7)	3005 (1.6)	43911	12985	3005	23.6	7	1.6
08	231956	60005 (25.9)	19699 (8.5)	4839 (2.1)	60005	19699	4839	25.9	8.5	2.1
09	56639	14621 (25.8)	4468 (7.9)	1000 (1.8)	14621	4468	1000	25.8	7.9	1.8
10	152136	38357 (25.2)	11947 (7.9)	2832 (1.9)	38357	11947	2832	25.2	7.9	1.9
12	1272311	285175 (22.4)	89187 (7)	21485 (1.7)	285175	89187	21485	22.4	7	1.7
13	308576	71469 (23.2)	21780 (7.1)	5062 (1.6)	71469	21780	5062	23.2	7.1	1.6
14	1612184	341102 (21.2)	102862 (6.4)	23704 (1.5)	341102	102862	23704	21.2	6.4	1.5
17	270128	68976 (25.5)	22231 (8.2)	5350 (2)	68976	22231	5350	25.5	8.2	2
18	284574	65005 (22.8)	19142 (6.7)	4288 (1.5)	65005	19142	4288	22.8	6.7	1.5
19	258458	61821 (23.9)	19586 (7.6)	4795 (1.9)	61821	19586	4795	23.9	7.6	1.9
20	274870	70688 (25.7)	22431 (8.2)	5238 (1.9)	70688	22431	5238	25.7	8.2	1.9
21	275551	69341 (25.2)	22299 (8.1)	5448 (2)	69341	22299	5448	25.2	8.1	2
22	238772	60339 (25.3)	18841 (7.9)	4266 (1.8)	60339	18841	4266	25.3	7.9	1.8
23	124686	29989 (24.1)	9175 (7.4)	2147 (1.7)	29989	9175	2147	24.1	7.4	1.7
24	258371	58062 (22.5)	17906 (6.9)	4184 (1.6)	58062	17906	4184	22.5	6.9	1.6
25	245340	60861 (24.8)	19699 (8)	4995 (2)	60861	19699	4995	24.8	8	2
