county	age_events_str	n	age_events	age_prop
01	242208 (11.1)	2174039	242208	11.1
03	44294 (12.8)	346325	44294	12.8
04	43914 (15.8)	277220	43914	15.8
05	63485 (14.5)	436474	63485	14.5
06	50850 (15)	339444	50850	15
07	28654 (15.4)	186374	28654	15.4
08	40872 (17.6)	231956	40872	17.6
09	9743 (17.2)	56639	9743	17.2
10	26092 (17.2)	152136	26092	17.2
12	178470 (14)	1272311	178470	14
13	47199 (15.3)	308576	47199	15.3
14	221567 (13.7)	1612184	221567	13.7
17	45646 (16.9)	270128	45646	16.9
18	42958 (15.1)	284574	42958	15.1
19	40335 (15.6)	258458	40335	15.6
20	46436 (16.9)	274870	46436	16.9
21	45805 (16.6)	275551	45805	16.6
22	40340 (16.9)	238772	40340	16.9
23	20373 (16.3)	124686	20373	16.3
24	38120 (14.8)	258371	38120	14.8
25	40346 (16.4)	245340	40346	16.4
