	Overall
n	9624428
Female (%)	4814553 (50.0)
Age category (yrs) (%)	
   0	1041469 (10.8)
   10	1046237 (10.9)
   20	1306883 (13.6)
   30	1203053 (12.5)
   40	1302755 (13.5)
   50	1220303 (12.7)
   60	1146021 (11.9)
   70	856218 (8.9)
   80	501489 (5.2)
Median Age (yrs) (mean (SD))	41.4 (23.6)
County (%)	
   01	2174039 (22.6)
   03	346325 (3.6)
   04	277220 (2.9)
   05	436474 (4.5)
   06	339444 (3.5)
   07	186374 (1.9)
   08	231956 (2.4)
   09	56639 (0.6)
   10	152136 (1.6)
   12	1272311 (13.2)
   13	308576 (3.2)
   14	1612184 (16.8)
   17	270128 (2.8)
   18	284574 (3.0)
   19	258458 (2.7)
   20	274870 (2.9)
   21	275551 (2.9)
   22	238772 (2.5)
   23	124686 (1.3)
   24	258371 (2.7)
   25	245340 (2.5)
Age 70+ years (%)	1357707 (14.1)
Prior cardiovascular disease (%)	1233745 (12.8)
Prior cancer (%)	299388 (3.1)
Prior COPD (%)	115688 (1.2)
Prior asthma (%)	424554 (4.4)
Prior diabetes (%)	513335 (5.3)
One risk factor (%)	2652601 (27.6)
Two risk factors (%)	955883 (9.9)
Three risk factors (%)	278659 (2.9)
